[1.25254][1.28391][1.28411][1.28705]
[1.29186][1.33318][1.33149][1.33597]
[1.32108][1.29515][1.29293][1.29598]
[1.33627][1.37621][1.39008][1.38682]
[1.39491][1.43008][1.4348][1.43826]
[1.42208][1.43456][1.44824][1.44979]
[1.44051][1.47975][1.48327][1.49161]
[1.47343][1.46045][1.46962][1.47663]
[1.49141][1.52856][1.52937][1.53883]
[1.4983][1.4703][1.47006][1.47291]
[1.60325][1.58131][1.58609][1.59841]
[1.69773][1.67719][1.69195][1.70027]
[1.72108][1.72532][1.75353][1.77971]
[1.75542][1.72709][1.7407][1.75852]
[1.87925][1.85073][1.86362][1.86548]
[1.89582][1.86627][1.87469][1.88507]
[1.90332][1.83587][1.83882][1.8489]
[1.9488][1.94168][1.94558][1.95053]
[1.97602][1.91847][1.9268][1.93634]
[2.02183][2.02076][2.02191][2.02423]
[2.06067][1.98075][1.98096][1.98886]
[2.08185][2.07781][2.08073][2.07438]
[2.08768][2.1164][2.12575][2.1226]
[2.08957][2.06815][2.0717][2.06774]
[2.16151][2.0756][2.07158][2.07368]
[2.17674][2.17716][2.18658][2.19418]
[2.17905][2.10068][2.09633][2.09365]
[2.18081][2.10749][2.1102][2.12281]
[2.20615][2.19129][2.21016][2.21876]
[2.24543][2.27232][2.28193][2.27427]
[2.25664][2.19851][2.19252][2.19667]
[2.28128][2.24782][2.23521][2.2333]
[2.44246][2.41104][2.40233][2.39723]
[2.47374][2.37032][2.38387][2.38974]
[2.47823][2.47457][2.47755][2.48604]
[2.4787][2.48632][2.48489][2.48129]
[2.48591][2.38403][2.37405][2.37792]
[2.48739][2.506][2.5081][2.51865]
[2.51353][2.30878][2.31468][2.32172]
[2.56951][2.49684][2.49359][2.47929]
[2.57777][2.5911][2.58648][2.58441]
[2.57814][2.4778][2.45854][2.45945]
[2.59913][2.54301][2.5308][2.52692]
[2.7289][2.59304][2.59594][2.60688]
[2.73556][2.64625][2.64803][2.65801]
[2.74275][2.75171][2.74564][2.75311]
[2.74286][2.73677][2.72902][2.72789]
[2.77529][2.69479][2.6771][2.67302]
[2.78447][2.74734][2.74241][2.71613]
[2.78488][2.81087][2.80518][2.8059]
[2.82129][2.6489][2.65729][2.6569]
[2.82705][2.72208][2.71017][2.71239]
[2.88592][2.82852][2.81007][2.80009]
[2.91087][2.87809][2.86328][2.85149]
[2.94238][2.91294][2.90349][2.90817]
[2.95772][2.86465][2.87404][2.88683]
[2.96951][2.91824][2.91461][2.91608]
[2.97296][2.98176][2.98115][2.97534]
[2.98628][2.7622][2.77158][2.77813]
[2.99244][3.01914][3.03584][3.04079]
[2.9936][2.99546][2.98747][2.98138]
[3.00157][3.05896][3.08987][3.10897]
[3.01086][3.03343][3.04424][3.04434]
[3.0369][3.0432][3.04885][3.06227]
[3.03826][2.98458][2.96892][2.96548]
[3.06253][3.0817][3.087][3.09204]
[3.06631][3.04344][3.02628][3.02611]
[3.07683][3.06927][3.05629][3.05356]
[3.08989][3.1112][3.10117][3.08863]
[3.09692][3.12297][3.12752][3.12289]
[3.10926][3.12049][3.11866][3.1183]
[3.19295][3.21611][3.19851][3.19372]
[3.24445][3.27499][3.26383][3.24782]
[3.25805][2.93282][2.94484][2.9371]
[3.29561][3.22954][3.1949][3.17807]
[3.39213][3.41081][3.42884][3.4402]
[3.39773][3.4095][3.4162][3.42165]
[3.57058][3.57121][3.56485][3.56473]
[3.77409][3.15797][3.17959][3.19375]
[4.07991][3.60408][3.6453][3.63279]
[4.40854][4.37991][4.3595][4.36292]
[4.51975][3.63572][3.64604][3.64967]
[4.65115][4.43081][4.47056][4.45161]
[4.96274][4.94348][4.93541][4.94121]
[4.96741][4.57838][4.56961][4.59612]
[4.99193][4.94622][4.97077][4.96325]
[5.11005][5.06911][5.03014][5.02929]
[5.5122][5.49422][5.46644][5.46301]
[5.51726][5.51842][5.54194][5.54163]
[5.52535][5.3297][5.33091][5.32581]
[5.71771][5.73881][5.74772][5.76381]
[5.74106][5.70819][5.73884][5.71012]
[5.78854][5.76815][5.73908][5.74343]
[5.91184][5.87203][5.88138][5.89877]
[5.95263][5.86062][5.86178][5.86687]
[6.06866][6.08714][6.08184][6.07988]
[6.19967][6.16321][6.16105][6.14898]
[6.24603][6.28219][6.283][6.27349]
[6.31117][6.26886][6.27637][6.27285]