[3.01086][3.03343][3.04424][3.04434]
[3.19295][3.21611][3.19851][3.19372]
[2.9936][2.99546][2.98747][2.98138]
[2.74286][2.73677][2.72902][2.72789]
[2.4787][2.48632][2.48489][2.48129]
[2.24543][2.27232][2.28193][2.27427]
[2.08768][2.1164][2.12575][2.1226]
[3.10926][3.12049][3.11866][3.1183]
[3.24445][3.27499][3.26383][3.24782]
[3.06631][3.04344][3.02628][3.02611]
[2.78447][2.74734][2.74241][2.71613]
[2.44246][2.41104][2.40233][2.39723]
[2.20615][2.19129][2.21016][2.21876]
[2.08957][2.06815][2.0717][2.06774]
[3.0369][3.0432][3.04885][3.06227]
[3.08989][3.1112][3.10117][3.08863]
[2.91087][2.87809][2.86328][2.85149]
[2.59913][2.54301][2.5308][2.52692]
[2.28128][2.24782][2.23521][2.2333]
[3.06253][3.0817][3.087][3.09204]
[3.07683][3.06927][3.05629][3.05356]
[2.88592][2.82852][2.81007][2.80009]
[2.56951][2.49684][2.49359][2.47929]
[2.25664][2.19851][2.19252][2.19667]
[3.09692][3.12297][3.12752][3.12289]
[3.03826][2.98458][2.96892][2.96548]
[2.82705][2.72208][2.71017][2.71239]
[2.47374][2.37032][2.38387][2.38974]
[2.18081][2.10749][2.1102][2.12281]
[1.97602][1.91847][1.9268][1.93634]
[1.72108][1.72532][1.75353][1.77971]
[1.69773][1.67719][1.69195][1.70027]
[1.4983][1.4703][1.47006][1.47291]
[1.32108][1.29515][1.29293][1.29598]