-1 -0.987688 -1 1.22465e-016 -0.156434 1.22465e-016 -0.25 -0.25 0
-0.809017 -0.809017 -0.891007 0.587785 0.587785 0.45399 0.25 0 0
-0.514475 -0.707107 -0.587785 -0.602967 -0.707107 -0.809017 0.5 0.5 0.5
-0.760845 -0.891007 -0.951057 0.247214 0.45399 0.309017 0.5 0.5 0.5
0.891007 0.760845 0.951057 0.45399 0.247214 0.309017 0.5 0.5 0.5
0.987688 0.951057 0.770634 0.156434 0.309017 0.18541 0.5 0.5 0.5
-0.760845 -0.951057 -0.891007 -0.247214 -0.309017 -0.45399 0.5 0.5 0.5
0.156434 6.12323e-017 0.0618034 0.987688 1 0.790211 0.5 0.5 0.5
0.707107 0.470228 0.558721 0.707107 0.647214 0.558721 0.5 0.5 0.5
0.500392 0.26177 0.279515 0.585884 0.453551 0.702862 -0.5 -0.5 -0.5
-0.5 -0.597789 -0.744885 0.0393509 -0.284765 -0.0752086 -0.5 -0.5 -0.5
-1.46958e-016 -1.83697e-016 0.0618034 -0.8 -1 -0.790211 0.5 0.5 0.5
-0.45399 -0.587785 -0.414475 0.891007 0.809017 0.675621 0.5 0.5 0.5
-0.602967 -0.809017 -0.647214 0.514475 0.587785 0.470228 0.5 0.5 0.5
-0.809017 -0.602967 -0.707107 0.587785 0.514475 0.707107 0.5 0.5 0.5
-1 -0.790211 -0.8 1.22465e-016 -0.0618034 9.79717e-017 0.5 0.5 0.5
0.987688 0.987688 1 0.156434 0.156434 0 0.25 0.5 0.5
-0.309017 -0.302967 -0.45399 -0.951057 -0.732437 -0.891007 0.5 0.5 0.5
-0.309017 -0.18541 -0.247214 -0.951057 -0.770634 -0.760845 0.5 0.5 0.5
-0.45399 -0.414475 -0.587785 -0.891007 -0.675621 -0.809017 0.5 0.5 0.5
0.156434 0.0618034 -1.83697e-016 -0.987688 -0.790211 -1 0.5 0.5 0.5
-0.156434 -0.18541 -0.309017 -0.987688 -0.770634 -0.951057 0.5 0.5 0.5
-0.707107 -0.602967 -0.809017 -0.707107 -0.514475 -0.587785 0.5 0.5 0.5
0.770634 0.951057 0.987688 -0.18541 -0.309017 -0.156434 0.5 0.5 0.5
-0.0618034 -0.156434 -1.83697e-016 -0.790211 -0.987688 -1 0.5 0.5 0.5
0.470228 0.587785 0.514475 -0.647214 -0.809017 -0.602967 0.5 0.5 0.5
-0.760845 -0.987688 -0.951057 -0.247214 -0.156434 -0.309017 0.5 0.5 0.5
-0.414475 -0.587785 -0.470228 0.675621 0.809017 0.647214 0.5 0.5 0.5
-0.0618034 -0.0577603 -0.0964126 -0.790211 -0.693862 -0.732784 0.5 0.5 0.5
-0.707107 -0.707107 -0.809017 0.707107 0.707107 0.587785 0 -0.25 0
4.89859e-017 0.0618034 6.12323e-017 0.8 0.790211 1 0.5 0.5 0.5
0.45399 0.470228 0.587785 0.891007 0.647214 0.809017 0.5 0.5 0.5
0.587785 0.470228 0.707107 0.809017 0.647214 0.707107 0.5 0.5 0.5
-0.587785 -0.514475 -0.470228 0.809017 0.602967 0.647214 0.5 0.5 0.5
-0.156434 4.89859e-017 6.12323e-017 0.987688 0.8 1 0.5 0.5 0.5
0.760845 0.770634 0.951057 0.247214 0.18541 0.309017 0.5 0.5 0.5
-0.156434 0.0217127 -0.232372 0.987688 0.674478 0.706677 -0.5 -0.5 -0.5
-0.951057 -0.597789 -0.891007 -0.309017 -0.284765 -0.45399 -0.5 -0.5 -0.5
-0.760845 -0.780423 -0.987688 -0.247214 -0.123607 -0.156434 0.5 0.5 0.5
-0.809017 -0.891007 -0.891007 0.587785 0.45399 0.45399 -0.25 -0.25 0
-0.675621 -0.891007 -0.809017 -0.414475 -0.45399 -0.587785 0.5 0.5 0.5
-0.558721 -0.514475 -0.707107 0.558721 0.602967 0.707107 0.5 0.5 0.5
-0.704029 -0.760845 -0.891007 -0.358721 -0.247214 -0.45399 0.5 0.5 0.5
-0.760845 -0.951057 -0.987688 0.247214 0.309017 0.156434 0.5 0.5 0.5
2.22045e-016 0.241676 0.232196 0 0.12544 -0.151824 -0.5 -0.5 -0.5
-0.809017 -0.891007 -0.891007 0.587785 0.45399 0.45399 -0.5 -0.5 -0.25
-0.8 -0.780423 -0.987688 9.79717e-017 0.123607 0.156434 0.5 0.5 0.5
-0.760845 -0.704029 -0.891007 0.247214 0.358721 0.45399 0.5 0.5 0.5
0.734736 0.582565 0.436267 -0.0812291 -0.296831 -0.154532 -0.5 -0.5 -0.5
-0.8 -0.987688 -1 9.79717e-017 0.156434 1.22465e-016 0.5 0.5 0.5
0.809017 0.602967 0.647214 0.587785 0.514475 0.470228 0.5 0.5 0.5
-0.587785 -0.414475 -0.470228 -0.809017 -0.675621 -0.647214 0.5 0.5 0.5
-0.647214 -0.809017 -0.675621 0.470228 0.587785 0.414475 0.5 0.5 0.5
-0.602967 -0.647214 -0.809017 -0.514475 -0.470228 -0.587785 0.5 0.5 0.5
0.809017 0.675621 0.891007 0.587785 0.414475 0.45399 0.5 0.5 0.5
0.951057 0.891007 0.582565 -0.309017 -0.45399 -0.296831 -0.5 -0.5 -0.5
0.675621 0.809017 0.647214 0.414475 0.587785 0.470228 0.5 0.5 0.5
-0.987688 -0.987688 -1 0.156434 0.156434 1.22465e-016 -0.25 -0.5 -0.25
-0.302967 -0.247214 -0.309017 0.732437 0.760845 0.951057 0.5 0.5 0.5
0.414475 0.45399 0.587785 -0.675621 -0.891007 -0.809017 0.5 0.5 0.5
-0.309017 -0.247214 -0.18541 0.951057 0.760845 0.770634 0.5 0.5 0.5
0.809017 0.675621 0.647214 -0.587785 -0.414475 -0.470228 0.5 0.5 0.5
0.45399 0.309017 0.302967 0.891007 0.951057 0.732437 0.5 0.5 0.5
-0.891007 -0.809017 -0.809017 -0.45399 -0.587785 -0.587785 0 -0.25 0
0.309017 0.18541 0.247214 0.951057 0.770634 0.760845 0.5 0.5 0.5
0.602967 0.707107 0.809017 -0.514475 -0.707107 -0.587785 0.5 0.5 0.5
-0.309017 -0.18541 -0.156434 0.951057 0.770634 0.987688 0.5 0.5 0.5
0.809017 0.891007 0.675621 -0.587785 -0.45399 -0.414475 0.5 0.5 0.5
-0.597789 -0.951057 -0.744885 -0.284765 -0.309017 -0.0752086 -0.5 -0.5 -0.5
1 0.734736 0.738077 0 -0.0812291 0.168659 -0.5 -0.5 -0.5
0.309017 0.18541 0.156434 -0.951057 -0.770634 -0.987688 0.5 0.5 0.5
0.891007 0.951057 0.732437 -0.45399 -0.309017 -0.302967 0.5 0.5 0.5
-0.987688 -1 -1 0.156434 1.22465e-016 1.22465e-016 -0.5 -0.5 -0.25
1 0.790211 0.987688 0 -0.0618034 -0.156434 0.5 0.5 0.5
0.891007 0.951057 0.738077 0.45399 0.309017 0.168659 -0.5 -0.5 -0.5
0.247214 0.309017 0.302967 -0.760845 -0.951057 -0.732437 0.5 0.5 0.5
0.302967 0.309017 0.247214 0.732437 0.951057 0.760845 0.5 0.5 0.5
1 0.790211 0.8 0 0.0618034 0 0.5 0.5 0.5
0.45399 0.302967 0.309017 -0.891007 -0.732437 -0.951057 0.5 0.5 0.5
0.707107 0.514475 0.587785 -0.707107 -0.602967 -0.809017 0.5 0.5 0.5
0.951057 0.770634 0.760845 -0.309017 -0.18541 -0.247214 0.5 0.5 0.5
0.584522 0.662022 0.588927 0.0343549 0.0784295 0.116784 0.5 0.5 0.5
-0.707107 -0.809017 -0.809017 0.707107 0.587785 0.587785 -0.25 -0.25 0
-0.809017 -0.707107 -0.707107 -0.587785 -0.707107 -0.707107 0 -0.25 0
0.602967 0.707107 0.558721 0.514475 0.707107 0.558721 0.5 0.5 0.5
0.309017 0.156434 0.29169 -0.951057 -0.987688 -0.711119 -0.5 -0.5 -0.5
0.587785 0.45399 0.29169 -0.809017 -0.891007 -0.711119 -0.5 -0.5 -0.5
-0.309017 -0.156434 -0.156434 0.951057 0.987688 0.987688 0 0 -0.25
-0.809017 -0.891007 -0.891007 -0.587785 -0.45399 -0.45399 -0.25 -0.25 -0.5
-0.45399 -0.587785 -0.45399 -0.891007 -0.809017 -0.891007 0 0 -0.25
0.760845 0.891007 0.704029 0.247214 0.45399 0.358721 0.5 0.5 0.5
0.484582 0.587785 0.29169 -0.567373 -0.809017 -0.711119 -0.5 -0.5 -0.5
-0.309017 -0.45399 -0.45399 0.951057 0.891007 0.891007 -0.25 -0.25 0
0.45399 0.309017 0.29169 -0.891007 -0.951057 -0.711119 -0.5 -0.5 -0.5
0.582648 0.627805 0.555026 -0.118315 -0.0435904 -0.0506159 0.5 0.5 0.5
-0.514475 -0.587785 -0.707107 0.602967 0.809017 0.707107 0.5 0.5 0.5
-0.707107 -0.587785 -0.707107 -0.707107 -0.809017 -0.707107 -0.5 -0.25 -0.25
-0.790211 -1 -0.987688 -0.0618034 1.22465e-016 -0.156434 0.5 0.5 0.5
-0.587785 -0.707107 -0.587785 -0.809017 -0.707107 -0.809017 0 0 -0.25
-0.156434 -0.309017 -0.309017 0.987688 0.951057 0.951057 -0.25 -0.25 0
-0.309017 -0.45399 -0.309017 -0.951057 -0.891007 -0.951057 0 0 -0.25
-0.675621 -0.891007 -0.704029 0.414475 0.45399 0.358721 0.5 0.5 0.5
-0.34137 -0.395034 -0.427226 0.0396348 0.105816 0.0513104 0.5 0.5 0.5
-0.45399 -0.587785 -0.587785 -0.891007 -0.809017 -0.809017 -0.25 -0.25 -0.5
-0.707107 -0.809017 -0.809017 -0.707107 -0.587785 -0.587785 -0.25 -0.25 -0.5
-0.156434 6.12323e-017 6.12323e-017 0.987688 1 1 0 0 -0.25
-0.587785 -0.45399 -0.45399 0.809017 0.891007 0.891007 0 0 -0.25
-0.707107 -0.587785 -0.707107 0.707107 0.809017 0.707107 0 -0.25 -0.25
-0.45399 -0.309017 -0.309017 0.891007 0.951057 0.951057 0 0 -0.25
-0.45399 -0.587785 -0.587785 0.891007 0.809017 0.809017 -0.25 -0.25 0
-0.587785 -0.587785 -0.707107 0.809017 0.809017 0.707107 0 -0.25 0
-0.675621 -0.704029 -0.633634 0.414475 0.358721 0.334849 0.5 0.5 0.5
0.951057 0.987688 0.738077 0.309017 0.156434 0.168659 -0.5 -0.5 -0.5
0.262057 0.484582 0.29169 -0.427638 -0.567373 -0.711119 -0.5 -0.5 -0.5
-0.216048 -0.545882 -0.454749 0.451081 0.374774 0.602711 -0.5 -0.5 -0.5
0.442053 0.508233 0.530928 0.121125 0.0804963 0.137895 0.5 0.5 0.5
0.0533808 0.262057 0.29169 -0.678268 -0.427638 -0.711119 -0.5 -0.5 -0.5
0.951057 0.951057 0.987688 0.309017 0.309017 0.156434 0.25 0.5 0.5
1 0.987688 0.987688 0 0.156434 0.156434 -0.25 -0.25 0
0.891007 0.891007 0.951057 0.45399 0.45399 0.309017 0.25 0.5 0.5
0.951057 0.987688 0.987688 0.309017 0.156434 0.156434 0.25 0.5 0.25
0.891007 0.809017 0.809017 0.45399 0.587785 0.587785 0.5 0.25 0.5
0.951057 0.891007 0.951057 0.309017 0.45399 0.309017 0.25 0.25 0.5
0.707107 0.707107 0.809017 0.707107 0.707107 0.587785 0.25 0.5 0.5
0.891007 0.809017 0.891007 0.45399 0.587785 0.45399 0.25 0.25 0.5
0.587785 0.587785 0.707107 0.809017 0.809017 0.707107 0.25 0.5 0.5
0.809017 0.707107 0.809017 0.587785 0.707107 0.587785 0.25 0.25 0.5
0.45399 0.45399 0.587785 0.891007 0.891007 0.809017 0.25 0.5 0.5
0.707107 0.587785 0.707107 0.707107 0.809017 0.707107 0.25 0.25 0.5
0.309017 0.309017 0.45399 0.951057 0.951057 0.891007 0.25 0.5 0.5
0.587785 0.587785 0.45399 0.809017 0.809017 0.891007 0.5 0.25 0.25
0.156434 0.156434 0.309017 0.987688 0.987688 0.951057 0.25 0.5 0.5
0.45399 0.309017 0.45399 0.891007 0.951057 0.891007 0.25 0.25 0.5
6.12323e-017 0.156434 6.12323e-017 1 0.987688 1 0.5 0.5 0.25
0.309017 0.309017 0.156434 0.951057 0.951057 0.987688 0.5 0.25 0.25
-0.156434 -0.156434 6.12323e-017 0.987688 0.987688 1 0.25 0.5 0.5
6.12323e-017 0.156434 0.156434 1 0.987688 0.987688 0.25 0.5 0.25
-0.156434 -0.309017 -0.309017 0.987688 0.951057 0.951057 0.5 0.25 0.5
6.12323e-017 6.12323e-017 -0.156434 1 1 0.987688 0.5 0.25 0.25
-0.45399 -0.45399 -0.309017 0.891007 0.891007 0.951057 0.25 0.5 0.5
-0.156434 -0.309017 -0.156434 0.987688 0.951057 0.987688 0.25 0.25 0.5
-0.587785 -0.587785 -0.45399 0.809017 0.809017 0.891007 0.25 0.5 0.5
-0.309017 -0.45399 -0.309017 0.951057 0.891007 0.951057 0.25 0.25 0.5
-0.707107 -0.707107 -0.587785 0.707107 0.707107 0.809017 0.25 0.5 0.5
-0.45399 -0.587785 -0.45399 0.891007 0.809017 0.891007 0.25 0.25 0.5
-0.707107 -0.809017 -0.707107 0.707107 0.587785 0.707107 0.25 0.25 0.5
-0.587785 -0.587785 -0.707107 0.809017 0.809017 0.707107 0.5 0.25 0.25
-0.809017 -0.891007 -0.809017 0.587785 0.45399 0.587785 0.25 0.25 0.5
-0.809017 -0.707107 -0.809017 0.587785 0.707107 0.587785 0.5 0.5 0.25
-0.891007 -0.951057 -0.891007 0.45399 0.309017 0.45399 0.25 0.25 0.5
-0.891007 -0.809017 -0.891007 0.45399 0.587785 0.45399 0.5 0.5 0.25
-0.951057 -0.987688 -0.951057 0.309017 0.156434 0.309017 0.25 0.25 0.5
-0.891007 -0.951057 -0.951057 0.45399 0.309017 0.309017 0.5 0.25 0.5
-0.987688 -1 -0.987688 0.156434 1.22465e-016 0.156434 0.25 0.25 0.5
-0.951057 -0.987688 -0.987688 0.309017 0.156434 0.156434 0.5 0.25 0.5
-1 -0.987688 -0.987688 1.22465e-016 -0.156434 -0.156434 0.5 0.25 0.5
-0.987688 -1 -1 0.156434 1.22465e-016 1.22465e-016 0.5 0.25 0.5
-0.987688 -0.951057 -0.951057 -0.156434 -0.309017 -0.309017 0.5 0.25 0.5
-1 -0.987688 -1 1.22465e-016 -0.156434 1.22465e-016 0.25 0.25 0.5
-0.951057 -0.891007 -0.891007 -0.309017 -0.45399 -0.45399 0.5 0.25 0.5
-0.987688 -0.987688 -0.951057 -0.156434 -0.156434 -0.309017 0.5 0.25 0.25
-0.809017 -0.891007 -0.809017 -0.587785 -0.45399 -0.587785 0.5 0.5 0.25
-0.951057 -0.891007 -0.951057 -0.309017 -0.45399 -0.309017 0.25 0.25 0.5
-0.707107 -0.809017 -0.707107 -0.707107 -0.587785 -0.707107 0.5 0.5 0.25
-0.891007 -0.809017 -0.891007 -0.45399 -0.587785 -0.45399 0.25 0.25 0.5
-0.587785 -0.707107 -0.587785 -0.809017 -0.707107 -0.809017 0.5 0.5 0.25
-0.809017 -0.707107 -0.809017 -0.587785 -0.707107 -0.587785 0.25 0.25 0.5
-0.587785 -0.45399 -0.45399 -0.809017 -0.891007 -0.891007 0.5 0.25 0.5
-0.707107 -0.587785 -0.707107 -0.707107 -0.809017 -0.707107 0.25 0.25 0.5
-0.45399 -0.309017 -0.309017 -0.891007 -0.951057 -0.951057 0.5 0.25 0.5
-0.587785 -0.45399 -0.587785 -0.809017 -0.891007 -0.809017 0.25 0.25 0.5
-0.156434 -0.156434 -0.309017 -0.987688 -0.987688 -0.951057 0.25 0.5 0.5
-0.45399 -0.45399 -0.309017 -0.891007 -0.891007 -0.951057 0.5 0.25 0.25
-1.83697e-016 -0.156434 -1.83697e-016 -1 -0.987688 -1 0.5 0.5 0.25
-0.309017 -0.309017 -0.156434 -0.951057 -0.951057 -0.987688 0.5 0.25 0.25
0.156434 -1.83697e-016 0.156434 -0.987688 -1 -0.987688 0.5 0.5 0.25
-0.156434 -1.83697e-016 -0.156434 -0.987688 -1 -0.987688 0.25 0.25 0.5
0.156434 0.309017 0.309017 -0.987688 -0.951057 -0.951057 0.5 0.25 0.5
0.156434 -1.83697e-016 -1.83697e-016 -0.987688 -1 -1 0.25 0.5 0.25
0.45399 0.309017 0.45399 -0.891007 -0.951057 -0.891007 0.5 0.5 0.25
0.156434 0.309017 0.156434 -0.987688 -0.951057 -0.987688 0.25 0.25 0.5
0.587785 0.45399 0.587785 -0.809017 -0.891007 -0.809017 0.5 0.5 0.25
0.309017 0.45399 0.309017 -0.951057 -0.891007 -0.951057 0.25 0.25 0.5
0.707107 0.587785 0.707107 -0.707107 -0.809017 -0.707107 0.5 0.5 0.25
0.45399 0.587785 0.45399 -0.891007 -0.809017 -0.891007 0.25 0.25 0.5
0.707107 0.707107 0.809017 -0.707107 -0.707107 -0.587785 0.5 0.25 0.25
0.587785 0.707107 0.587785 -0.809017 -0.707107 -0.809017 0.25 0.25 0.5
0.809017 0.809017 0.891007 -0.587785 -0.587785 -0.45399 0.5 0.25 0.25
0.707107 0.809017 0.809017 -0.707107 -0.587785 -0.587785 0.5 0.25 0.5
0.891007 0.951057 0.891007 -0.45399 -0.309017 -0.45399 0.25 0.25 0.5
0.891007 0.891007 0.809017 -0.45399 -0.45399 -0.587785 0.25 0.5 0.5
0.951057 0.951057 0.987688 -0.309017 -0.309017 -0.156434 0.5 0.25 0.25
0.951057 0.951057 0.891007 -0.309017 -0.309017 -0.45399 0.25 0.5 0.5
1 0.987688 1 0 -0.156434 0 0.5 0.25 0.25
0.951057 0.987688 0.987688 -0.309017 -0.156434 -0.156434 0.5 0.25 0.5
-0.891007 -0.891007 -0.951057 0.45399 0.45399 0.309017 -0.25 -0.5 -0.25
0.987688 1 0.987688 -0.156434 0 -0.156434 -0.25 -0.25 0
-0.891007 -0.951057 -0.951057 -0.45399 -0.309017 -0.309017 -0.25 -0.25 -0.5
0.809017 0.500392 0.707107 0.587785 0.585884 0.707107 -0.5 -0.5 -0.5
-0.722164 -0.5 -0.744885 0.179811 0.0393509 -0.0752086 -0.5 -0.5 -0.5
0.0217127 6.12323e-017 0.156434 0.674478 1 0.987688 -0.5 -0.5 -0.5
2.22045e-016 0.0237073 0.241676 0 0.288634 0.12544 -0.5 -0.5 -0.5
0.5 0.734736 0.436267 0.0393509 -0.0812291 -0.154532 -0.5 -0.5 -0.5
-0.283952 -0.597789 -0.371303 -0.411731 -0.284765 -0.176288 -0.5 -0.5 -0.5
-0.587785 -0.45399 -0.45399 0.809017 0.891007 0.891007 0 0.25 0
0.45399 0.587785 0.500392 0.891007 0.809017 0.585884 -0.5 -0.5 -0.5
-1 -0.987688 -0.987688 1.22465e-016 -0.156434 -0.156434 0 -0.25 0
-1 -0.987688 -1 1.22465e-016 0.156434 1.22465e-016 0 -0.25 -0.25
-0.891007 -0.891007 -0.951057 0.45399 0.45399 0.309017 0 -0.25 0
-0.951057 -0.987688 -0.987688 -0.309017 -0.156434 -0.156434 -0.25 -0.25 -0.5
-0.951057 -0.891007 -0.891007 -0.309017 -0.45399 -0.45399 0 -0.25 0
-0.809017 -0.809017 -0.891007 0.587785 0.587785 0.45399 0 -0.25 0
-0.987688 -0.951057 -0.951057 -0.156434 -0.309017 -0.309017 0 -0.25 0
0.575237 0.26177 0.500392 0.358234 0.453551 0.585884 -0.5 -0.5 -0.5
-0.545882 -0.809017 -0.707107 0.374774 0.587785 0.707107 -0.5 -0.5 -0.5
0.587785 0.707107 0.500392 0.809017 0.707107 0.585884 -0.5 -0.5 -0.5
-0.386074 -0.428753 -0.356719 0.468523 0.40232 0.368825 0.5 0.5 0.5
0.262057 -0.00742166 0.232196 -0.427638 -0.298662 -0.151824 -0.5 -0.5 -0.5
0.809017 0.582565 0.891007 -0.587785 -0.296831 -0.45399 -0.5 -0.5 -0.5
0.160535 0.0662138 0.104385 -0.034748 -0.041052 -0.092326 0.5 0.5 0.5
-0.987688 -1 -1 -0.156434 1.22465e-016 1.22465e-016 -0.25 -0.25 -0.5
-0.987688 -0.951057 -0.987688 0.156434 0.309017 0.156434 0 -0.25 -0.25
-0.951057 -0.951057 -0.987688 0.309017 0.309017 0.156434 0 -0.25 0
-0.987688 -0.987688 -1 0.156434 0.156434 1.22465e-016 0 -0.25 0
-0.891007 -0.545882 -0.722164 0.45399 0.374774 0.179811 -0.5 -0.5 -0.5
0.809017 0.575237 0.500392 0.587785 0.358234 0.585884 -0.5 -0.5 -0.5
-0.252322 -0.302967 -0.319899 0.650552 0.732437 0.648684 0.5 0.5 0.5
-0.987688 -0.951057 -0.987688 0.156434 0.309017 0.156434 -0.25 -0.5 -0.5
-0.809017 -0.891007 -0.597789 -0.587785 -0.45399 -0.284765 -0.5 -0.5 -0.5
-0.00742166 2.22045e-016 0.232196 -0.298662 0 -0.151824 -0.5 -0.5 -0.5
-0.597789 -0.283952 -0.487551 -0.284765 -0.411731 -0.570849 -0.5 -0.5 -0.5
6.12323e-017 0.0217127 -0.156434 1 0.674478 0.987688 -0.5 -0.5 -0.5
-0.951057 -0.722164 -0.987688 0.309017 0.179811 0.156434 -0.5 -0.5 -0.5
-0.722164 -0.951057 -0.891007 0.179811 0.309017 0.45399 -0.5 -0.5 -0.5
2.22045e-016 -0.00742166 -0.158426 0 -0.298662 -0.145486 -0.5 -0.5 -0.5
-0.721477 -0.8 -0.71217 0.050917 9.79717e-017 -0.0494429 0.5 0.5 0.5
-0.309017 -0.45399 -0.45399 -0.951057 -0.891007 -0.891007 -0.25 -0.25 -0.5
-0.156434 -0.309017 -0.156434 -0.987688 -0.951057 -0.987688 0 0 -0.25
-0.156434 -0.309017 -0.309017 -0.987688 -0.951057 -0.951057 -0.25 -0.25 -0.5
-1.83697e-016 -0.156434 -1.83697e-016 -1 -0.987688 -1 0 0 -0.25
6.12323e-017 -0.156434 -0.156434 1 0.987688 0.987688 -0.25 -0.25 0
6.12323e-017 0.156434 0.156434 1 0.987688 0.987688 0 0 -0.25
-1.83697e-016 -0.156434 -0.156434 -1 -0.987688 -0.987688 -0.25 -0.25 -0.5
0.156434 -1.83697e-016 0.156434 -0.987688 -1 -0.987688 0 0 -0.25
0.156434 6.12323e-017 6.12323e-017 0.987688 1 1 -0.25 -0.25 0
0.156434 0.309017 0.309017 0.987688 0.951057 0.951057 0 0 -0.25
0.309017 0.156434 0.156434 0.951057 0.987688 0.987688 -0.25 -0.25 0
0.309017 0.45399 0.45399 0.951057 0.891007 0.891007 0 0 -0.25
0.156434 -1.83697e-016 -1.83697e-016 -0.987688 -1 -1 -0.25 -0.25 -0.5
0.309017 0.156434 0.309017 -0.951057 -0.987688 -0.951057 0 0 -0.25
0.156434 0.309017 0.156434 -0.987688 -0.951057 -0.987688 -0.5 -0.25 -0.25
0.45399 0.309017 0.45399 -0.891007 -0.951057 -0.891007 0 0 -0.25
0.45399 0.309017 0.309017 0.891007 0.951057 0.951057 -0.25 -0.25 0
0.45399 0.587785 0.587785 0.891007 0.809017 0.809017 0 0 -0.25
0.309017 0.45399 0.309017 -0.951057 -0.891007 -0.951057 -0.5 -0.25 -0.25
0.587785 0.45399 0.587785 -0.809017 -0.891007 -0.809017 0 0 -0.25
0.587785 0.45399 0.45399 0.809017 0.891007 0.891007 -0.25 -0.25 0
0.587785 0.707107 0.707107 0.809017 0.707107 0.707107 0 0 -0.25
0.707107 0.587785 0.587785 0.707107 0.809017 0.809017 -0.25 -0.25 0
0.707107 0.809017 0.809017 0.707107 0.587785 0.587785 0 0 -0.25
0.587785 0.45399 0.45399 -0.809017 -0.891007 -0.891007 -0.25 -0.25 -0.5
0.707107 0.587785 0.707107 -0.707107 -0.809017 -0.707107 0 0 -0.25
0.707107 0.587785 0.587785 -0.707107 -0.809017 -0.809017 -0.25 -0.25 -0.5
0.809017 0.707107 0.809017 -0.587785 -0.707107 -0.587785 0 0 -0.25
0.809017 0.707107 0.707107 0.587785 0.707107 0.707107 -0.25 -0.25 0
0.809017 0.891007 0.891007 0.587785 0.45399 0.45399 0 0 -0.25
0.809017 0.707107 0.707107 -0.587785 -0.707107 -0.707107 -0.25 -0.25 -0.5
0.809017 0.891007 0.891007 -0.587785 -0.45399 -0.45399 0 -0.25 0
0.891007 0.809017 0.809017 0.45399 0.587785 0.587785 -0.25 -0.25 0
0.891007 0.951057 0.951057 0.45399 0.309017 0.309017 0 0 -0.25
0.951057 0.891007 0.891007 0.309017 0.45399 0.45399 -0.25 -0.25 0
0.951057 0.987688 0.987688 0.309017 0.156434 0.156434 0 0 -0.25
0.891007 0.809017 0.809017 -0.45399 -0.587785 -0.587785 -0.25 -0.25 -0.5
0.891007 0.951057 0.951057 -0.45399 -0.309017 -0.309017 0 -0.25 0
0.951057 0.891007 0.891007 -0.309017 -0.45399 -0.45399 -0.25 -0.25 -0.5
0.951057 0.987688 0.987688 -0.309017 -0.156434 -0.156434 0 -0.25 0
0.987688 0.951057 0.951057 0.156434 0.309017 0.309017 -0.25 -0.25 0
1 1 0.987688 0 0 0.156434 -0.25 -0.5 -0.25
0.987688 0.951057 0.951057 -0.156434 -0.309017 -0.309017 -0.25 -0.25 -0.5
0.987688 1 0.987688 -0.156434 0 -0.156434 -0.5 -0.5 -0.25
1 1 0.987688 0 0 -0.156434 0 0.25 0
0.987688 1 0.987688 0.156434 0 0.156434 0.25 0.25 0
-0.45399 -0.309017 -0.232372 0.891007 0.951057 0.706677 -0.5 -0.5 -0.5
-0.444181 -0.546024 -0.502139 0.521701 0.457532 0.398596 0.5 0.5 0.5
-0.309017 -0.156434 -0.232372 0.951057 0.987688 0.706677 -0.5 -0.5 -0.5
-1.83697e-016 -0.156434 0.0533808 -1 -0.987688 -0.678268 -0.5 -0.5 -0.5
0.575237 0.809017 0.891007 0.358234 0.587785 0.45399 -0.5 -0.5 -0.5
-0.45399 -0.587785 -0.487551 -0.891007 -0.809017 -0.570849 -0.5 -0.5 -0.5
0.26177 0.0217127 0.279515 0.453551 0.674478 0.702862 -0.5 -0.5 -0.5
-0.891007 -0.809017 -0.545882 0.45399 0.587785 0.374774 -0.5 -0.5 -0.5
-0.951057 -0.987688 -0.744885 -0.309017 -0.156434 -0.0752086 -0.5 -0.5 -0.5
-0.891007 -0.951057 -0.951057 0.45399 0.309017 0.309017 -0.25 -0.25 0
-0.134512 -0.0823905 -0.13969 -0.294725 -0.230768 -0.191726 0.5 0.5 0.5
-0.144165 -0.178433 -0.121675 0.374462 0.288762 0.320387 0.5 0.5 0.5
-0.587785 -0.707107 -0.487551 -0.809017 -0.707107 -0.570849 -0.5 -0.5 -0.5
0.707107 0.602967 0.558721 -0.707107 -0.514475 -0.558721 0.5 0.5 0.5
-0.545882 -0.5 -0.722164 0.374774 0.0393509 0.179811 -0.5 -0.5 -0.5
0.0533808 0.156434 -1.83697e-016 -0.678268 -0.987688 -1 -0.5 -0.5 -0.5
-0.283952 -0.225656 -0.487551 -0.411731 -0.684685 -0.570849 -0.5 -0.5 -0.5
-1 -0.987688 -0.722164 1.22465e-016 0.156434 0.179811 -0.5 -0.5 -0.5
0.951057 0.582565 0.734736 -0.309017 -0.296831 -0.0812291 -0.5 -0.5 -0.5
-0.809017 -0.707107 -0.809017 0.587785 0.707107 0.587785 0.25 0.25 0
-0.707107 -0.587785 -0.707107 0.707107 0.809017 0.707107 0.25 0.25 0
-1 -0.722164 -0.744885 1.22465e-016 0.179811 -0.0752086 -0.5 -0.5 -0.5
0.0217127 -0.216048 -0.232372 0.674478 0.451081 0.706677 -0.5 -0.5 -0.5
0.0217127 0.156434 0.279515 0.674478 0.987688 0.702862 -0.5 -0.5 -0.5
-0.809017 -0.707107 -0.707107 0.587785 0.707107 0.707107 0 0.25 0
-0.707107 -0.587785 -0.587785 0.707107 0.809017 0.809017 0 0.25 0
-0.188802 -0.143092 -0.121846 0.702875 0.634441 0.712763 0.5 0.5 0.5
0 -0.119115 -0.0541769 1.11022e-016 -0.0107608 -0.0649377 0.5 0.5 0.5
-0.707107 -0.587785 -0.454749 0.707107 0.809017 0.602711 -0.5 -0.5 -0.5
-0.252322 -0.256277 -0.189417 0.650552 0.540211 0.574993 0.5 0.5 0.5
-0.951057 -0.951057 -0.987688 0.309017 0.309017 0.156434 -0.25 -0.5 -0.25
-0.951057 -0.951057 -0.891007 0.309017 0.309017 0.45399 -0.5 -0.25 -0.5
-0.987688 -0.987688 -1 -0.156434 -0.156434 1.22465e-016 -0.5 -0.25 -0.5
-0.987688 -0.951057 -0.987688 -0.156434 -0.309017 -0.156434 -0.25 -0.25 0
-0.809017 -0.809017 -0.891007 0.587785 0.587785 0.45399 -0.25 -0.5 -0.25
-0.809017 -0.809017 -0.707107 0.587785 0.587785 0.707107 -0.5 -0.25 -0.5
-0.987688 -0.951057 -0.951057 -0.156434 -0.309017 -0.309017 -0.5 -0.5 -0.25
-0.951057 -0.951057 -0.891007 -0.309017 -0.309017 -0.45399 0 -0.25 -0.25
-0.707107 -0.707107 -0.809017 0.707107 0.707107 0.587785 -0.25 -0.5 -0.25
-0.707107 -0.707107 -0.587785 0.707107 0.707107 0.809017 -0.5 -0.25 -0.5
-0.951057 -0.891007 -0.891007 -0.309017 -0.45399 -0.45399 -0.5 -0.5 -0.25
-0.891007 -0.809017 -0.891007 -0.45399 -0.587785 -0.45399 -0.25 -0.25 0
-0.587785 -0.587785 -0.707107 0.809017 0.809017 0.707107 -0.25 -0.5 -0.25
-0.587785 -0.45399 -0.587785 0.809017 0.891007 0.809017 -0.25 -0.5 -0.5
-0.891007 -0.809017 -0.809017 -0.45399 -0.587785 -0.587785 -0.5 -0.5 -0.25
-0.809017 -0.707107 -0.809017 -0.587785 -0.707107 -0.587785 -0.25 -0.25 0
-0.45399 -0.45399 -0.587785 0.891007 0.891007 0.809017 -0.25 -0.5 -0.25
-0.45399 -0.45399 -0.309017 0.891007 0.891007 0.951057 -0.5 -0.25 -0.5
-0.707107 -0.707107 -0.809017 -0.707107 -0.707107 -0.587785 -0.5 -0.25 -0.5
-0.707107 -0.587785 -0.707107 -0.707107 -0.809017 -0.707107 -0.25 -0.25 0
-0.309017 -0.309017 -0.45399 0.951057 0.951057 0.891007 -0.25 -0.5 -0.25
-0.309017 -0.156434 -0.309017 0.951057 0.987688 0.951057 -0.25 -0.5 -0.5
-0.587785 -0.587785 -0.707107 -0.809017 -0.809017 -0.707107 -0.5 -0.25 -0.5
-0.587785 -0.45399 -0.587785 -0.809017 -0.891007 -0.809017 -0.25 -0.25 0
-0.309017 -0.156434 -0.156434 0.951057 0.987688 0.987688 -0.25 -0.25 -0.5
-0.156434 6.12323e-017 -0.156434 0.987688 1 0.987688 -0.25 -0.5 -0.5
-0.587785 -0.45399 -0.45399 -0.809017 -0.891007 -0.891007 -0.5 -0.5 -0.25
-0.45399 -0.309017 -0.45399 -0.891007 -0.951057 -0.891007 -0.25 -0.25 0
6.12323e-017 6.12323e-017 -0.156434 1 1 0.987688 -0.25 -0.5 -0.25
6.12323e-017 6.12323e-017 0.156434 1 1 0.987688 -0.5 -0.25 -0.5
-0.45399 -0.309017 -0.309017 -0.891007 -0.951057 -0.951057 -0.5 -0.5 -0.25
-0.309017 -0.156434 -0.309017 -0.951057 -0.987688 -0.951057 -0.25 -0.25 0
0.156434 0.156434 6.12323e-017 0.987688 0.987688 1 -0.25 -0.5 -0.25
0.156434 0.156434 0.309017 0.987688 0.987688 0.951057 -0.5 -0.25 -0.5
-0.309017 -0.156434 -0.156434 -0.951057 -0.987688 -0.987688 -0.5 -0.5 -0.25
-0.156434 -1.83697e-016 -0.156434 -0.987688 -1 -0.987688 -0.25 -0.25 0
0.309017 0.309017 0.156434 0.951057 0.951057 0.987688 -0.25 -0.5 -0.25
0.309017 0.309017 0.45399 0.951057 0.951057 0.891007 -0.5 -0.25 -0.5
-0.156434 -1.83697e-016 -1.83697e-016 -0.987688 -1 -1 -0.5 -0.5 -0.25
-1.83697e-016 0.156434 -1.83697e-016 -1 -0.987688 -1 -0.25 -0.25 0
0.45399 0.45399 0.309017 0.891007 0.891007 0.951057 -0.25 -0.5 -0.25
0.45399 0.45399 0.587785 0.891007 0.891007 0.809017 -0.5 -0.25 -0.5
0.156434 0.156434 -1.83697e-016 -0.987688 -0.987688 -1 -0.5 -0.25 -0.5
0.156434 0.309017 0.156434 -0.987688 -0.951057 -0.987688 -0.25 -0.25 0
0.587785 0.587785 0.45399 0.809017 0.809017 0.891007 -0.25 -0.5 -0.25
0.587785 0.707107 0.587785 0.809017 0.707107 0.809017 -0.25 -0.5 -0.5
0.309017 0.309017 0.156434 -0.951057 -0.951057 -0.987688 -0.5 -0.25 -0.5
0.309017 0.45399 0.309017 -0.951057 -0.891007 -0.951057 -0.25 -0.25 0
0.707107 0.707107 0.587785 0.707107 0.707107 0.809017 -0.25 -0.5 -0.25
0.707107 0.809017 0.707107 0.707107 0.587785 0.707107 -0.25 -0.5 -0.5
0.309017 0.45399 0.45399 -0.951057 -0.891007 -0.891007 -0.5 -0.5 -0.25
0.45399 0.587785 0.45399 -0.891007 -0.809017 -0.891007 -0.25 -0.25 0
0.809017 0.809017 0.707107 0.587785 0.587785 0.707107 -0.25 -0.5 -0.25
0.809017 0.809017 0.891007 0.587785 0.587785 0.45399 -0.5 -0.25 -0.5
0.45399 0.587785 0.587785 -0.891007 -0.809017 -0.809017 -0.5 -0.5 -0.25
0.587785 0.707107 0.587785 -0.809017 -0.707107 -0.809017 -0.25 -0.25 0
0.891007 0.891007 0.809017 0.45399 0.45399 0.587785 -0.25 -0.5 -0.25
0.891007 0.891007 0.951057 0.45399 0.45399 0.309017 -0.5 -0.25 -0.5
0.587785 0.707107 0.707107 -0.809017 -0.707107 -0.707107 -0.5 -0.5 -0.25
0.707107 0.809017 0.707107 -0.707107 -0.587785 -0.707107 -0.25 -0.25 0
0.951057 0.951057 0.891007 0.309017 0.309017 0.45399 -0.25 -0.5 -0.25
0.951057 0.951057 0.987688 0.309017 0.309017 0.156434 -0.5 -0.25 -0.5
0.707107 0.809017 0.809017 -0.707107 -0.587785 -0.587785 -0.5 -0.5 -0.25
0.809017 0.891007 0.809017 -0.587785 -0.45399 -0.587785 -0.25 -0.25 0
0.987688 0.987688 0.951057 0.156434 0.156434 0.309017 -0.25 -0.5 -0.25
0.987688 0.987688 1 0.156434 0.156434 0 -0.5 -0.25 -0.5
0.809017 0.891007 0.891007 -0.587785 -0.45399 -0.45399 -0.5 -0.5 -0.25
0.891007 0.951057 0.891007 -0.45399 -0.309017 -0.45399 -0.25 -0.25 0
0.987688 1 1 0.156434 0 0 0 0 -0.25
1 1 0.987688 0 0 -0.156434 -0.25 0 0
0.891007 0.951057 0.951057 -0.45399 -0.309017 -0.309017 -0.5 -0.5 -0.25
0.951057 0.987688 0.951057 -0.309017 -0.156434 -0.309017 -0.25 -0.25 0
0.987688 0.987688 0.951057 -0.156434 -0.156434 -0.309017 -0.5 -0.25 -0.5
1 0.987688 1 0 -0.156434 0 -0.25 -0.25 -0.5
0.707107 0.587785 0.484582 -0.707107 -0.809017 -0.567373 -0.5 -0.5 -0.5
0.262057 0.582565 0.484582 -0.427638 -0.296831 -0.567373 -0.5 -0.5 -0.5
0.466791 0.542067 0.53747 -0.378298 -0.453575 -0.355694 0.5 0.5 0.5
0.809017 0.707107 0.484582 -0.587785 -0.707107 -0.567373 -0.5 -0.5 -0.5
0.582565 0.809017 0.484582 -0.296831 -0.587785 -0.567373 -0.5 -0.5 -0.5
-0.108354 -0.119115 -0.182104 -0.129875 -0.0107608 -0.0764946 0.5 0.5 0.5
-0.562652 -0.633634 -0.579529 0.356914 0.334849 0.285998 0.5 0.5 0.5
0.770634 0.987688 0.780423 -0.18541 -0.156434 -0.123607 0.5 0.5 0.5
-0.587785 -0.45399 -0.587785 0.809017 0.891007 0.809017 0.25 0.25 0
-0.309017 -0.45399 -0.309017 0.951057 0.891007 0.951057 0 0 0.25
-0.891007 -0.891007 -0.809017 0.45399 0.45399 0.587785 0 0.25 0.25
-0.891007 -0.891007 -0.951057 0.45399 0.45399 0.309017 0.25 0 0
-0.45399 -0.309017 -0.45399 0.891007 0.951057 0.891007 0.25 0.25 0
-0.156434 -0.309017 -0.156434 0.987688 0.951057 0.987688 0 0 0.25
-0.951057 -0.951057 -0.891007 0.309017 0.309017 0.45399 0 0.25 0.25
-0.951057 -0.951057 -0.987688 0.309017 0.309017 0.156434 0.25 0 0
-0.309017 -0.156434 -0.309017 0.951057 0.987688 0.951057 0.25 0.25 0
6.12323e-017 -0.156434 6.12323e-017 1 0.987688 1 0 0 0.25
-0.987688 -0.987688 -0.951057 0.156434 0.156434 0.309017 0 0.25 0.25
-0.987688 -0.987688 -1 0.156434 0.156434 1.22465e-016 0.25 0 0
-0.156434 6.12323e-017 -0.156434 0.987688 1 0.987688 0.25 0.25 0
0.156434 6.12323e-017 0.156434 0.987688 1 0.987688 0 0 0.25
-1 -0.987688 -1 1.22465e-016 0.156434 1.22465e-016 0.25 0.25 0
-0.987688 -1 -1 -0.156434 1.22465e-016 1.22465e-016 0.25 0.25 0
6.12323e-017 0.156434 6.12323e-017 1 0.987688 1 0.25 0.25 0
0.309017 0.156434 0.309017 0.951057 0.987688 0.951057 0 0 0.25
-1 -0.987688 -0.987688 1.22465e-016 -0.156434 -0.156434 0 0 0.25
-0.951057 -0.987688 -0.987688 -0.309017 -0.156434 -0.156434 0.25 0.25 0
0.156434 0.309017 0.156434 0.987688 0.951057 0.987688 0.25 0.25 0
0.45399 0.309017 0.45399 0.891007 0.951057 0.891007 0 0 0.25
-0.987688 -0.951057 -0.951057 -0.156434 -0.309017 -0.309017 0 0 0.25
-0.891007 -0.951057 -0.951057 -0.45399 -0.309017 -0.309017 0.25 0.25 0
0.309017 0.45399 0.309017 0.951057 0.891007 0.951057 0.25 0.25 0
0.587785 0.45399 0.587785 0.809017 0.891007 0.809017 0 0 0.25
-0.951057 -0.891007 -0.891007 -0.309017 -0.45399 -0.45399 0 0 0.25
-0.809017 -0.891007 -0.891007 -0.587785 -0.45399 -0.45399 0.25 0.25 0
0.45399 0.587785 0.45399 0.891007 0.809017 0.891007 0.25 0.25 0
0.707107 0.587785 0.707107 0.707107 0.809017 0.707107 0 0 0.25
-0.891007 -0.809017 -0.809017 -0.45399 -0.587785 -0.587785 0 0 0.25
-0.707107 -0.809017 -0.809017 -0.707107 -0.587785 -0.587785 0.25 0.25 0
0.587785 0.707107 0.587785 0.809017 0.707107 0.809017 0.25 0.25 0
0.809017 0.707107 0.809017 0.587785 0.707107 0.587785 0 0 0.25
-0.707107 -0.707107 -0.809017 -0.707107 -0.707107 -0.587785 0 0.25 0
-0.707107 -0.587785 -0.707107 -0.707107 -0.809017 -0.707107 0 0.25 0.25
0.707107 0.809017 0.707107 0.707107 0.587785 0.707107 0.25 0.25 0
0.891007 0.809017 0.891007 0.45399 0.587785 0.45399 0 0 0.25
-0.587785 -0.587785 -0.707107 -0.809017 -0.809017 -0.707107 0 0.25 0
-0.45399 -0.587785 -0.587785 -0.891007 -0.809017 -0.809017 0.25 0.25 0
0.809017 0.891007 0.809017 0.587785 0.45399 0.587785 0.25 0.25 0
0.951057 0.891007 0.951057 0.309017 0.45399 0.309017 0 0 0.25
-0.587785 -0.45399 -0.45399 -0.809017 -0.891007 -0.891007 0 0 0.25
-0.309017 -0.45399 -0.45399 -0.951057 -0.891007 -0.891007 0.25 0.25 0
0.891007 0.951057 0.891007 0.45399 0.309017 0.45399 0.25 0.25 0
0.987688 0.951057 0.987688 0.156434 0.309017 0.156434 0 0 0.25
-0.45399 -0.309017 -0.309017 -0.891007 -0.951057 -0.951057 0 0 0.25
-0.156434 -0.309017 -0.309017 -0.987688 -0.951057 -0.951057 0.25 0.25 0
0.951057 0.987688 0.951057 0.309017 0.156434 0.309017 0.25 0.25 0
1 0.987688 1 0 0.156434 0 0 0 0.25
-0.309017 -0.156434 -0.156434 -0.951057 -0.987688 -0.987688 0 0 0.25
-1.83697e-016 -0.156434 -0.156434 -1 -0.987688 -0.987688 0.25 0.25 0
1 0.987688 1 0 0.156434 0 0.25 0.25 0.5
0.987688 0.987688 1 -0.156434 -0.156434 0 0.5 0.25 0.5
-0.156434 -1.83697e-016 -1.83697e-016 -0.987688 -1 -1 0 0 0.25
0.156434 -1.83697e-016 -1.83697e-016 -0.987688 -1 -1 0.25 0.25 0
0.987688 0.987688 1 -0.156434 -0.156434 0 0.25 0 0.25
0.987688 0.987688 0.951057 -0.156434 -0.156434 -0.309017 0 0.25 0
-1.83697e-016 0.156434 0.156434 -1 -0.987688 -0.987688 0 0 0.25
0.309017 0.156434 0.156434 -0.951057 -0.987688 -0.987688 0.25 0.25 0
0.951057 0.951057 0.987688 -0.309017 -0.309017 -0.156434 0.25 0 0.25
0.951057 0.951057 0.891007 -0.309017 -0.309017 -0.45399 0 0.25 0
0.156434 0.309017 0.309017 -0.987688 -0.951057 -0.951057 0 0 0.25
0.45399 0.309017 0.309017 -0.891007 -0.951057 -0.951057 0.25 0.25 0
0.891007 0.891007 0.951057 -0.45399 -0.45399 -0.309017 0.25 0 0.25
0.891007 0.891007 0.809017 -0.45399 -0.45399 -0.587785 0 0.25 0
0.309017 0.45399 0.45399 -0.951057 -0.891007 -0.891007 0 0 0.25
0.587785 0.45399 0.45399 -0.809017 -0.891007 -0.891007 0.25 0.25 0
0.809017 0.809017 0.891007 -0.587785 -0.587785 -0.45399 0.25 0 0.25
0.809017 0.809017 0.707107 -0.587785 -0.587785 -0.707107 0 0.25 0
0.45399 0.587785 0.587785 -0.891007 -0.809017 -0.809017 0 0 0.25
0.707107 0.587785 0.587785 -0.707107 -0.809017 -0.809017 0.25 0.25 0
0.707107 0.707107 0.587785 -0.707107 -0.707107 -0.809017 0 0.25 0
0.707107 0.707107 0.809017 -0.707107 -0.707107 -0.587785 0.25 0 0.25
0.123607 0.18541 0.156434 0.780423 0.770634 0.987688 0.5 0.5 0.5
-0.309017 -0.45399 -0.225656 -0.951057 -0.891007 -0.684685 -0.5 -0.5 -0.5
-0.156434 -0.309017 -0.225656 -0.987688 -0.951057 -0.684685 -0.5 -0.5 -0.5
0.0533808 -0.156434 -0.225656 -0.678268 -0.987688 -0.684685 -0.5 -0.5 -0.5
0.987688 0.951057 0.734736 -0.156434 -0.309017 -0.0812291 -0.5 -0.5 -0.5
1 0.987688 0.734736 0 -0.156434 -0.0812291 -0.5 -0.5 -0.5
-0.225656 -0.45399 -0.487551 -0.684685 -0.891007 -0.570849 -0.5 -0.5 -0.5
-0.809017 -0.597789 -0.487551 -0.587785 -0.284765 -0.570849 -0.5 -0.5 -0.5
-0.707107 -0.809017 -0.487551 -0.707107 -0.587785 -0.570849 -0.5 -0.5 -0.5
0.45399 0.500392 0.279515 0.891007 0.585884 0.702862 -0.5 -0.5 -0.5
0.156434 0.309017 0.279515 0.987688 0.951057 0.702862 -0.5 -0.5 -0.5
0.166548 0.0856562 0.145339 0.65154 0.623077 0.582637 0.5 0.5 0.5
-0.790211 -0.987688 -0.780423 -0.0618034 -0.156434 -0.123607 0.5 0.5 0.5
0.780423 0.790211 0.987688 0.123607 0.0618034 0.156434 0.5 0.5 0.5
0.649089 0.573231 0.634542 -0.174957 -0.226938 -0.227257 0.5 0.5 0.5
-0.987688 -1 -0.744885 -0.156434 1.22465e-016 -0.0752086 -0.5 -0.5 -0.5
-0.71217 -0.687881 -0.644084 -0.0494429 -0.172303 -0.099814 0.5 0.5 0.5
-0.232372 -0.216048 -0.454749 0.706677 0.451081 0.602711 -0.5 -0.5 -0.5
0.156434 0.0533808 0.29169 -0.987688 -0.678268 -0.711119 -0.5 -0.5 -0.5
0.302104 0.265293 0.337143 0.464709 0.407212 0.401745 0.5 0.5 0.5
0.613622 0.63887 0.565482 0.195549 0.288192 0.258431 0.5 0.5 0.5
0.987688 1 0.738077 0.156434 0 0.168659 -0.5 -0.5 -0.5
0.734736 0.5 0.738077 -0.0812291 0.0393509 0.168659 -0.5 -0.5 -0.5
-0.545882 -0.707107 -0.454749 0.374774 0.707107 0.602711 -0.5 -0.5 -0.5
-0.45399 -0.232372 -0.454749 0.891007 0.706677 0.602711 -0.5 -0.5 -0.5
0.662022 0.780423 0.703578 0.0784295 0.123607 0.147261 0.5 0.5 0.5
-0.44286 -0.535196 -0.49992 -0.299794 -0.294129 -0.345125 0.5 0.5 0.5
0.738077 0.5 0.418959 0.168659 0.0393509 0.226789 -0.5 -0.5 -0.5
0.575237 0.891007 0.738077 0.358234 0.45399 0.168659 -0.5 -0.5 -0.5
0.309017 0.45399 0.279515 0.951057 0.891007 0.702862 -0.5 -0.5 -0.5
-0.5 -0.545882 -0.339154 0.0393509 0.374774 0.232202 -0.5 -0.5 -0.5
-0.780423 -0.8 -0.721477 0.123607 9.79717e-017 0.050917 0.5 0.5 0.5
-0.647214 -0.675621 -0.604933 0.470228 0.414475 0.413571 0.5 0.5 0.5
-0.587785 -0.45399 -0.454749 0.809017 0.891007 0.602711 -0.5 -0.5 -0.5
-0.597789 -0.5 -0.371303 -0.284765 0.0393509 -0.176288 -0.5 -0.5 -0.5
0.0217127 0.26177 0.0237073 0.674478 0.453551 0.288634 -0.5 -0.5 -0.5
-0.216048 0.0217127 0.0237073 0.451081 0.674478 0.288634 -0.5 -0.5 -0.5
0.0237073 0.26177 0.241676 0.288634 0.453551 0.12544 -0.5 -0.5 -0.5
-0.760845 -0.668636 -0.706705 -0.247214 -0.270459 -0.226958 0.5 0.5 0.5
4.89859e-017 -0.156434 -0.123607 0.8 0.987688 0.780423 0.5 0.5 0.5
0.232196 0.241676 0.436267 -0.151824 0.12544 -0.154532 -0.5 -0.5 -0.5
0.369707 0.457517 0.435326 0.587761 0.529653 0.59152 0.5 0.5 0.5
-0.462934 -0.375374 -0.357279 -0.551426 -0.598883 -0.517152 0.5 0.5 0.5
-0.252322 -0.247214 -0.302967 0.650552 0.760845 0.732437 0.5 0.5 0.5
-0.545882 -0.216048 -0.339154 0.374774 0.451081 0.232202 -0.5 -0.5 -0.5
-0.546024 -0.647214 -0.604933 0.457532 0.470228 0.413571 0.5 0.5 0.5
0.704029 0.891007 0.732437 -0.358721 -0.45399 -0.302967 0.5 0.5 0.5
-0.704029 -0.655699 -0.633634 0.358721 0.263867 0.334849 0.5 0.5 0.5
-0.987688 -0.780423 -0.760845 0.156434 0.123607 0.247214 0.5 0.5 0.5
0.470228 0.45399 0.358721 0.647214 0.891007 0.704029 0.5 0.5 0.5
-0.415784 -0.38203 -0.325408 -0.147197 -0.231887 -0.161554 0.5 0.5 0.5
0.512114 0.498883 0.418481 0.248664 0.30128 0.270594 0.5 0.5 0.5
-0.225656 -0.283952 -0.0900119 -0.684685 -0.411731 -0.513012 -0.5 -0.5 -0.5
0.223882 0.286368 0.284995 0.337731 0.286368 0.348389 0.5 0.5 0.5
0.457517 0.370087 0.450041 0.529653 0.470975 0.446318 0.5 0.5 0.5
-0.440273 -0.491856 -0.535196 -0.240913 -0.2124 -0.294129 0.5 0.5 0.5
0.711447 0.649089 0.687836 -0.161745 -0.174957 -0.237582 0.5 0.5 0.5
0.369707 0.370087 0.457517 0.587761 0.470975 0.529653 0.5 0.5 0.5
-0.444181 -0.356209 -0.427231 0.521701 0.59166 0.590678 0.5 0.5 0.5
0.175542 0.247214 0.224889 -0.708332 -0.760845 -0.66933 0.5 0.5 0.5
0.123607 0.18541 0.175542 -0.780423 -0.770634 -0.708332 0.5 0.5 0.5
0.558721 0.457517 0.532908 0.558721 0.529653 0.457882 0.5 0.5 0.5
0.265293 0.223882 0.284995 0.407212 0.337731 0.348389 0.5 0.5 0.5
-0.707107 -0.514475 -0.558721 -0.707107 -0.602967 -0.558721 0.5 0.5 0.5
0.590016 0.63887 0.645204 0.370857 0.288192 0.347704 0.5 0.5 0.5
-0.478459 -0.436762 -0.427226 0.0884913 -0.0112694 0.0513104 0.5 0.5 0.5
-0.45399 -0.302967 -0.358721 -0.891007 -0.732437 -0.704029 0.5 0.5 0.5
2.22045e-016 -0.158426 -0.141628 0 -0.145486 0.156923 -0.5 -0.5 -0.5
-0.216048 0.0237073 -0.141628 0.451081 0.288634 0.156923 -0.5 -0.5 -0.5
0.987688 0.790211 0.780423 -0.156434 -0.0618034 -0.123607 0.5 0.5 0.5
-0.0613146 -0.0823905 -0.134512 -0.332793 -0.230768 -0.294725 0.5 0.5 0.5
0.18541 0.309017 0.247214 -0.770634 -0.951057 -0.760845 0.5 0.5 0.5
0.224889 0.247214 0.302967 -0.66933 -0.760845 -0.732437 0.5 0.5 0.5
-0.780423 -0.721477 -0.684678 0.123607 0.050917 0.164052 0.5 0.5 0.5
0.508233 0.584522 0.588927 0.0804963 0.0343549 0.116784 0.5 0.5 0.5
0.218855 0.120808 0.160535 -0.0101527 0.0145266 -0.034748 0.5 0.5 0.5
0.558721 0.503838 0.514475 -0.558721 -0.513522 -0.602967 0.5 0.5 0.5
-0.704029 -0.760845 -0.655699 0.358721 0.247214 0.263867 0.5 0.5 0.5
0.770634 0.760845 0.685733 0.18541 0.247214 0.225659 0.5 0.5 0.5
0.26177 0.575237 0.418959 0.453551 0.358234 0.226789 -0.5 -0.5 -0.5
0.0588316 -0.0271782 0.0324004 0.227537 0.217752 0.151693 0.5 0.5 0.5
0.542067 0.466791 0.412265 -0.453575 -0.378298 -0.434022 0.5 0.5 0.5
0.575237 0.738077 0.418959 0.358234 0.168659 0.226789 -0.5 -0.5 -0.5
0.358721 0.368882 0.281759 -0.704029 -0.596378 -0.64246 0.5 0.5 0.5
-0.302967 -0.309017 -0.247214 -0.732437 -0.951057 -0.760845 0.5 0.5 0.5
0.416513 0.482359 0.476243 -0.00460882 -0.0425204 0.0229954 0.5 0.5 0.5
0.289157 0.303074 0.359463 0.174788 0.0883241 0.129656 0.5 0.5 0.5
0.414475 0.358721 0.45399 -0.675621 -0.704029 -0.891007 0.5 0.5 0.5
0.565482 0.498883 0.512114 0.258431 0.30128 0.248664 0.5 0.5 0.5
0.156434 0.18541 0.123607 -0.987688 -0.770634 -0.780423 0.5 0.5 0.5
-0.0823905 -0.108354 -0.13969 -0.230768 -0.129875 -0.191726 0.5 0.5 0.5
0.349473 0.409474 0.34306 -0.205952 -0.14826 -0.121916 0.5 0.5 0.5
0.281413 0.349473 0.34306 -0.158031 -0.205952 -0.121916 0.5 0.5 0.5
-0.283952 -0.00742166 -0.0900119 -0.411731 -0.298662 -0.513012 -0.5 -0.5 -0.5
0.0533808 -0.225656 -0.0900119 -0.678268 -0.684685 -0.513012 -0.5 -0.5 -0.5
0.262057 0.0533808 -0.0900119 -0.427638 -0.678268 -0.513012 -0.5 -0.5 -0.5
-0.00742166 0.262057 -0.0900119 -0.298662 -0.427638 -0.513012 -0.5 -0.5 -0.5
-0.358721 -0.302967 -0.45399 0.704029 0.732437 0.891007 0.5 0.5 0.5
-0.675621 -0.809017 -0.891007 0.414475 0.587785 0.45399 0.5 0.5 0.5
-0.395034 -0.478459 -0.427226 0.105816 0.0884913 0.0513104 0.5 0.5 0.5
0.123607 0.156434 0.0618034 0.780423 0.987688 0.790211 0.5 0.5 0.5
-0.0618034 -0.123607 -0.156434 -0.790211 -0.780423 -0.987688 0.5 0.5 0.5
0.358721 0.281759 0.302967 -0.704029 -0.64246 -0.732437 0.5 0.5 0.5
0.582648 0.649089 0.695499 -0.118315 -0.174957 -0.10003 0.5 0.5 0.5
-0.414475 -0.375374 -0.470228 -0.675621 -0.598883 -0.647214 0.5 0.5 0.5
0.356997 0.482359 0.416513 -0.0518413 -0.0425204 -0.00460882 0.5 0.5 0.5
0.5 0.241676 0.418959 0.0393509 0.12544 0.226789 -0.5 -0.5 -0.5
-0.314329 -0.210173 -0.263343 0.43601 0.438974 0.475876 0.5 0.5 0.5
0.442053 0.400155 0.359463 0.121125 0.186509 0.129656 0.5 0.5 0.5
-0.0618034 -1.46958e-016 0.0145626 -0.790211 -0.8 -0.72329 0.5 0.5 0.5
0.297752 0.365949 0.341916 -0.514939 -0.527157 -0.464868 0.5 0.5 0.5
0.414475 0.587785 0.470228 -0.675621 -0.809017 -0.647214 0.5 0.5 0.5
0.241676 0.26177 0.418959 0.12544 0.453551 0.226789 -0.5 -0.5 -0.5
-0.189417 -0.141196 -0.0944142 0.574993 0.517072 0.576528 0.5 0.5 0.5
-0.546024 -0.562652 -0.502139 0.457532 0.356914 0.398596 0.5 0.5 0.5
-0.891007 -0.675621 -0.704029 -0.45399 -0.414475 -0.358721 0.5 0.5 0.5
0.0237073 2.22045e-016 -0.141628 0.288634 0 0.156923 -0.5 -0.5 -0.5
-0.592032 -0.687881 -0.668636 -0.214115 -0.172303 -0.270459 0.5 0.5 0.5
-0.314329 -0.356719 -0.294455 0.43601 0.368825 0.376505 0.5 0.5 0.5
0.627805 0.662022 0.584522 -0.0435904 0.0784295 0.0343549 0.5 0.5 0.5
-0.71217 -0.8 -0.790211 -0.0494429 9.79717e-017 -0.0618034 0.5 0.5 0.5
0.18541 0.123607 0.122651 0.770634 0.780423 0.708509 0.5 0.5 0.5
-0.302967 -0.358721 -0.319899 0.732437 0.704029 0.648684 0.5 0.5 0.5
0.510301 0.450041 0.445631 0.380796 0.446318 0.38179 0.5 0.5 0.5
-0.0676998 0.024536 -0.0224097 0.343118 0.345016 0.384292 0.5 0.5 0.5
0.241676 0.5 0.436267 0.12544 0.0393509 -0.154532 -0.5 -0.5 -0.5
-0.242798 -0.306804 -0.231962 0.01008 -0.0244463 -0.0468857 0.5 0.5 0.5
-0.210173 -0.294455 -0.202021 0.438974 0.376505 0.381289 0.5 0.5 0.5
-0.283952 -0.371303 -0.158426 -0.411731 -0.176288 -0.145486 -0.5 -0.5 -0.5
-0.00742166 -0.283952 -0.158426 -0.298662 -0.411731 -0.145486 -0.5 -0.5 -0.5
0.337143 0.388593 0.445631 0.401745 0.351296 0.38179 0.5 0.5 0.5
-0.182104 -0.119115 -0.183017 -0.0764946 -0.0107608 -0.0125727 0.5 0.5 0.5
0.262057 0.232196 0.436267 -0.427638 -0.151824 -0.154532 -0.5 -0.5 -0.5
0.582565 0.262057 0.436267 -0.296831 -0.427638 -0.154532 -0.5 -0.5 -0.5
-0.35747 -0.302303 -0.355766 -0.394755 -0.389513 -0.311212 0.5 0.5 0.5
-0.668636 -0.704029 -0.613154 -0.270459 -0.358721 -0.343935 0.5 0.5 0.5
-0.448707 -0.560845 -0.456195 0.276333 0.215537 0.181242 0.5 0.5 0.5
-0.108354 -0.182104 -0.167058 -0.129875 -0.0764946 -0.133344 0.5 0.5 0.5
0.269467 0.297752 0.341916 -0.436768 -0.514939 -0.464868 0.5 0.5 0.5
-0.613154 -0.675621 -0.581193 -0.343935 -0.414475 -0.448454 0.5 0.5 0.5
-0.45399 -0.302967 -0.309017 0.891007 0.732437 0.951057 0.5 0.5 0.5
-0.790211 -0.780423 -0.71217 -0.0618034 -0.123607 -0.0494429 0.5 0.5 0.5
-0.562652 -0.579529 -0.518269 0.356914 0.285998 0.308885 0.5 0.5 0.5
0.00965172 0.109182 0.0860351 0.276925 0.289163 0.346151 0.5 0.5 0.5
0.356997 0.416513 0.355341 -0.0518413 -0.00460882 0.0113586 0.5 0.5 0.5
-0.339154 -0.216048 -0.141628 0.232202 0.451081 0.156923 -0.5 -0.5 -0.5
0.400155 0.339248 0.348391 0.186509 0.231865 0.18057 0.5 0.5 0.5
0.532908 0.457517 0.450041 0.457882 0.529653 0.446318 0.5 0.5 0.5
0.286368 0.289157 0.339248 0.286368 0.174788 0.231865 0.5 0.5 0.5
0.337143 0.265293 0.284995 0.401745 0.407212 0.348389 0.5 0.5 0.5
0.506734 0.613622 0.565482 0.194677 0.195549 0.258431 0.5 0.5 0.5
-0.558721 -0.514475 -0.462934 -0.558721 -0.602967 -0.551426 0.5 0.5 0.5
0.8 0.708488 0.790211 0 -0.000408329 -0.0618034 0.5 0.5 0.5
0.510301 0.590016 0.593179 0.380796 0.370857 0.435183 0.5 0.5 0.5
0.215535 0.218855 0.257896 0.0908975 -0.0101527 0.0417095 0.5 0.5 0.5
0.370087 0.369707 0.332071 0.470975 0.587761 0.511515 0.5 0.5 0.5
0.286368 0.256024 0.312517 -0.286368 -0.359108 -0.349662 0.5 0.5 0.5
0.303074 0.387674 0.359463 0.0883241 0.0656863 0.129656 0.5 0.5 0.5
0.627805 0.695499 0.708488 -0.0435904 -0.10003 -0.000408329 0.5 0.5 0.5
-0.448707 -0.462535 -0.518269 0.276333 0.343097 0.308885 0.5 0.5 0.5
0.790211 1 0.987688 0.0618034 0 0.156434 0.5 0.5 0.5
-0.537313 -0.625685 -0.644084 -0.0510231 -0.0171435 -0.099814 0.5 0.5 0.5
0.145339 0.0856562 0.0196652 0.582637 0.623077 0.541955 0.5 0.5 0.5
0.647214 0.542067 0.602967 -0.470228 -0.453575 -0.514475 0.5 0.5 0.5
-0.293618 -0.302967 -0.248464 -0.64054 -0.732437 -0.694385 0.5 0.5 0.5
0.0145626 0.0418138 -0.0309188 -0.72329 -0.650119 -0.627284 0.5 0.5 0.5
0.602967 0.809017 0.647214 -0.514475 -0.587785 -0.470228 0.5 0.5 0.5
-0.44286 -0.38203 -0.440273 -0.299794 -0.231887 -0.240913 0.5 0.5 0.5
-0.199586 -0.168871 -0.23769 -0.564048 -0.487962 -0.496077 0.5 0.5 0.5
-0.134512 -0.13969 -0.209853 -0.294725 -0.191726 -0.259413 0.5 0.5 0.5
-0.395034 -0.34137 -0.335112 0.105816 0.0396348 0.0995573 0.5 0.5 0.5
0.156434 0.123607 0.0618034 -0.987688 -0.780423 -0.790211 0.5 0.5 0.5
-0.272353 -0.325408 -0.264032 -0.0884927 -0.161554 -0.150329 0.5 0.5 0.5
0.27934 0.369707 0.273546 0.529073 0.587761 0.636912 0.5 0.5 0.5
-0.0166143 0.0582444 0.0112726 -0.398619 -0.371651 -0.312815 0.5 0.5 0.5
0.0418138 2.04173e-005 -0.0309188 -0.650119 -0.562509 -0.627284 0.5 0.5 0.5
-0.00242056 0.0637451 0.0196652 0.459728 0.491394 0.541955 0.5 0.5 0.5
-0.44286 -0.440273 -0.535196 -0.299794 -0.240913 -0.294129 0.5 0.5 0.5
-0.340649 -0.360845 -0.294314 0.291026 0.18386 0.226808 0.5 0.5 0.5
0.704029 0.732437 0.628506 -0.358721 -0.302967 -0.281206 0.5 0.5 0.5
0.0418138 0.0145626 0.0968514 -0.650119 -0.72329 -0.706394 0.5 0.5 0.5
-0.5 -0.339154 -0.141628 0.0393509 0.232202 0.156923 -0.5 -0.5 -0.5
-0.371303 -0.5 -0.141628 -0.176288 0.0393509 0.156923 -0.5 -0.5 -0.5
-0.158426 -0.371303 -0.141628 -0.145486 -0.176288 0.156923 -0.5 -0.5 -0.5
0.358721 0.45399 0.302967 0.704029 0.891007 0.732437 0.5 0.5 0.5
-0.100114 -0.0457599 -0.10234 0.0702292 0.133206 0.127095 0.5 0.5 0.5
0.45399 0.358721 0.302967 -0.891007 -0.704029 -0.732437 0.5 0.5 0.5
-0.655699 -0.560845 -0.579529 0.263867 0.215537 0.285998 0.5 0.5 0.5
-0.546024 -0.558721 -0.602967 0.457532 0.558721 0.514475 0.5 0.5 0.5
-0.427231 -0.514475 -0.500111 0.590678 0.602967 0.544357 0.5 0.5 0.5
-0.340649 -0.294314 -0.277806 0.291026 0.226808 0.287544 0.5 0.5 0.5
-0.294314 -0.360845 -0.305662 0.226808 0.18386 0.171382 0.5 0.5 0.5
-0.602967 -0.647214 -0.546024 0.514475 0.470228 0.457532 0.5 0.5 0.5
-0.562652 -0.546024 -0.604933 0.356914 0.457532 0.413571 0.5 0.5 0.5
-0.633634 -0.562652 -0.604933 0.334849 0.356914 0.413571 0.5 0.5 0.5
-0.675621 -0.633634 -0.604933 0.414475 0.334849 0.413571 0.5 0.5 0.5
0.180614 0.215535 0.260368 0.164249 0.0908975 0.125803 0.5 0.5 0.5
-0.428753 -0.444181 -0.502139 0.40232 0.521701 0.398596 0.5 0.5 0.5
-0.558721 -0.707107 -0.602967 0.558721 0.707107 0.514475 0.5 0.5 0.5
-0.550788 -0.631048 -0.625685 0.0368322 0.0750204 -0.0171435 0.5 0.5 0.5
-0.0674333 -0.0438155 -0.139079 0.425757 0.520285 0.445692 0.5 0.5 0.5
-0.592032 -0.668636 -0.613154 -0.214115 -0.270459 -0.343935 0.5 0.5 0.5
-0.581193 -0.536615 -0.613154 -0.448454 -0.395109 -0.343935 0.5 0.5 0.5
-0.456195 -0.478459 -0.395034 0.181242 0.0884913 0.105816 0.5 0.5 0.5
0.573231 0.628506 0.634542 -0.226938 -0.281206 -0.227257 0.5 0.5 0.5
-0.760845 -0.704029 -0.668636 -0.247214 -0.358721 -0.270459 0.5 0.5 0.5
-0.675621 -0.809017 -0.647214 -0.414475 -0.587785 -0.470228 0.5 0.5 0.5
0.175604 0.180614 0.231143 0.245334 0.164249 0.208069 0.5 0.5 0.5
-0.415784 -0.325408 -0.363817 -0.147197 -0.161554 -0.0695943 0.5 0.5 0.5
-0.478459 -0.456195 -0.558719 0.0884913 0.181242 0.126679 0.5 0.5 0.5
-0.456195 -0.560845 -0.558719 0.181242 0.215537 0.126679 0.5 0.5 0.5
-0.537313 -0.550788 -0.625685 -0.0510231 0.0368322 -0.0171435 0.5 0.5 0.5
0.482359 0.356997 0.474303 -0.0425204 -0.0518413 -0.114956 0.5 0.5 0.5
0.542067 0.647214 0.607638 -0.453575 -0.470228 -0.379835 0.5 0.5 0.5
-0.263343 -0.256277 -0.329852 0.475876 0.540211 0.520077 0.5 0.5 0.5
-0.0559997 0.00151503 0.051069 0.697107 0.60653 0.701545 0.5 0.5 0.5
0.409474 0.516009 0.474303 -0.14826 -0.174726 -0.114956 0.5 0.5 0.5
-0.207276 -0.13969 -0.167058 -0.176247 -0.191726 -0.133344 0.5 0.5 0.5
-0.134512 -0.209853 -0.223124 -0.294725 -0.259413 -0.31686 0.5 0.5 0.5
-0.470228 -0.462934 -0.514475 -0.647214 -0.551426 -0.602967 0.5 0.5 0.5
-0.470228 -0.375374 -0.462934 -0.647214 -0.598883 -0.551426 0.5 0.5 0.5
0.498883 0.590016 0.510301 0.30128 0.370857 0.380796 0.5 0.5 0.5
-0.491856 -0.415784 -0.498838 -0.2124 -0.147197 -0.127276 0.5 0.5 0.5
-0.271576 -0.277336 -0.302303 -0.435631 -0.340041 -0.389513 0.5 0.5 0.5
-0.647214 -0.602967 -0.581193 -0.470228 -0.514475 -0.448454 0.5 0.5 0.5
-0.456195 -0.360845 -0.409697 0.181242 0.18386 0.225421 0.5 0.5 0.5
-0.514475 -0.587785 -0.470228 -0.602967 -0.809017 -0.647214 0.5 0.5 0.5
0.286368 0.223882 0.226688 0.286368 0.337731 0.277453 0.5 0.5 0.5
-0.18541 -0.156434 -0.123607 -0.770634 -0.987688 -0.780423 0.5 0.5 0.5
-0.0618034 -1.83697e-016 -1.46958e-016 -0.790211 -1 -0.8 0.5 0.5 0.5
0.369707 0.358721 0.273546 0.587761 0.704029 0.636912 0.5 0.5 0.5
0.0588316 0.175604 0.109182 0.227537 0.245334 0.289163 0.5 0.5 0.5
0.790211 0.780423 0.662022 0.0618034 0.123607 0.0784295 0.5 0.5 0.5
0.662022 0.627805 0.708488 0.0784295 -0.0435904 -0.000408329 0.5 0.5 0.5
0.0450162 -0.0280507 0.0307495 -0.11602 -0.162997 -0.174141 0.5 0.5 0.5
-0.302967 -0.247214 -0.248464 -0.732437 -0.760845 -0.694385 0.5 0.5 0.5
-0.45399 -0.358721 -0.414475 -0.891007 -0.704029 -0.675621 0.5 0.5 0.5
-0.280521 -0.357279 -0.319759 -0.550553 -0.517152 -0.590789 0.5 0.5 0.5
-0.119115 -0.108354 -0.0541769 -0.0107608 -0.129875 -0.0649377 0.5 0.5 0.5
-0.375374 -0.293618 -0.319759 -0.598883 -0.64054 -0.590789 0.5 0.5 0.5
0.695499 0.649089 0.711447 -0.10003 -0.174957 -0.161745 0.5 0.5 0.5
0.790211 1 0.8 -0.0618034 0 0 0.5 0.5 0.5
-0.721477 -0.631048 -0.684678 0.050917 0.0750204 0.164052 0.5 0.5 0.5
0.627805 0.582648 0.695499 -0.0435904 -0.118315 -0.10003 0.5 0.5 0.5
0.675621 0.607638 0.647214 -0.414475 -0.379835 -0.470228 0.5 0.5 0.5
0.343063 0.360805 0.312517 -0.398113 -0.318857 -0.349662 0.5 0.5 0.5
-0.436762 -0.550788 -0.482641 -0.0112694 0.0368322 -0.0422671 0.5 0.5 0.5
0.555026 0.482359 0.474303 -0.0506159 -0.0425204 -0.114956 0.5 0.5 0.5
0.286368 0.360805 0.340495 -0.286368 -0.318857 -0.263875 0.5 0.5 0.5
0.412265 0.343063 0.341916 -0.434022 -0.398113 -0.464868 0.5 0.5 0.5
-0.0422243 -0.107904 -0.101479 -0.473953 -0.410965 -0.517739 0.5 0.5 0.5
0.770634 0.703578 0.780423 0.18541 0.147261 0.123607 0.5 0.5 0.5
-0.0928018 -0.0577603 -0.0309188 -0.590903 -0.693862 -0.627284 0.5 0.5 0.5
0.358721 0.414475 0.368882 -0.704029 -0.675621 -0.596378 0.5 0.5 0.5
-0.18541 -0.247214 -0.188802 0.770634 0.760845 0.702875 0.5 0.5 0.5
0.166548 0.145339 0.213898 0.65154 0.582637 0.599249 0.5 0.5 0.5
-0.252322 -0.143092 -0.188802 0.650552 0.634441 0.702875 0.5 0.5 0.5
-0.0271782 -0.0457599 0.0324004 0.217752 0.133206 0.151693 0.5 0.5 0.5
0.53747 0.520307 0.489934 -0.355694 -0.283501 -0.328859 0.5 0.5 0.5
0.051069 0.00151503 0.0856562 0.701545 0.60653 0.623077 0.5 0.5 0.5
-0.21601 -0.294314 -0.305662 0.215006 0.226808 0.171382 0.5 0.5 0.5
0.358721 0.369707 0.435326 0.704029 0.587761 0.59152 0.5 0.5 0.5
0.558721 0.470228 0.435326 0.558721 0.647214 0.59152 0.5 0.5 0.5
0.470228 0.358721 0.435326 0.647214 0.704029 0.59152 0.5 0.5 0.5
-0.141196 -0.0438155 -0.0944142 0.517072 0.520285 0.576528 0.5 0.5 0.5
-0.71217 -0.780423 -0.687881 -0.0494429 -0.123607 -0.172303 0.5 0.5 0.5
0.506734 0.565482 0.512114 0.194677 0.258431 0.248664 0.5 0.5 0.5
-0.448707 -0.456195 -0.409697 0.276333 0.181242 0.225421 0.5 0.5 0.5
-0.38203 -0.44286 -0.355766 -0.231887 -0.299794 -0.311212 0.5 0.5 0.5
-0.357279 -0.280521 -0.333903 -0.517152 -0.550553 -0.455917 0.5 0.5 0.5
-0.655699 -0.760845 -0.703205 0.263867 0.247214 0.223545 0.5 0.5 0.5
0.520307 0.53747 0.574964 -0.283501 -0.355694 -0.308644 0.5 0.5 0.5
-0.247214 -0.252322 -0.188802 0.760845 0.650552 0.702875 0.5 0.5 0.5
0.584522 0.508233 0.476243 0.0343549 0.0804963 0.0229954 0.5 0.5 0.5
0.387674 0.416513 0.476243 0.0656863 -0.00460882 0.0229954 0.5 0.5 0.5
0.708488 0.8 0.790211 -0.000408329 0 0.0618034 0.5 0.5 0.5
0.160535 0.120808 0.0662138 -0.034748 0.0145266 -0.041052 0.5 0.5 0.5
-0.470228 -0.514475 -0.427231 0.647214 0.602967 0.590678 0.5 0.5 0.5
-0.325408 -0.272353 -0.363817 -0.161554 -0.0884927 -0.0695943 0.5 0.5 0.5
-0.360845 -0.456195 -0.395034 0.18386 0.181242 0.105816 0.5 0.5 0.5
-0.633634 -0.655699 -0.579529 0.334849 0.263867 0.285998 0.5 0.5 0.5
-0.314329 -0.386074 -0.356719 0.43601 0.468523 0.368825 0.5 0.5 0.5
-0.319899 -0.414475 -0.356209 0.648684 0.675621 0.59166 0.5 0.5 0.5
-0.428753 -0.502139 -0.462535 0.40232 0.398596 0.343097 0.5 0.5 0.5
-0.558719 -0.560845 -0.614449 0.126679 0.215537 0.1698 0.5 0.5 0.5
-0.13969 -0.108354 -0.167058 -0.191726 -0.129875 -0.133344 0.5 0.5 0.5
-0.0271782 0.00965172 -0.0443085 0.217752 0.276925 0.269463 0.5 0.5 0.5
-0.10234 -0.0457599 -0.0727419 0.127095 0.133206 0.183451 0.5 0.5 0.5
0.0588316 0.109182 0.00965172 0.227537 0.289163 0.276925 0.5 0.5 0.5
-0.180423 -0.129424 -0.217347 0.0919299 0.177146 0.147936 0.5 0.5 0.5
0.303074 0.289157 0.260368 0.0883241 0.174788 0.125803 0.5 0.5 0.5
-0.721477 -0.71217 -0.625685 0.050917 -0.0494429 -0.0171435 0.5 0.5 0.5
-0.631048 -0.721477 -0.625685 0.0750204 0.050917 -0.0171435 0.5 0.5 0.5
0.273546 0.358721 0.302967 0.636912 0.704029 0.732437 0.5 0.5 0.5
-0.444056 -0.436762 -0.482641 -0.081978 -0.0112694 -0.0422671 0.5 0.5 0.5
-0.358721 -0.414475 -0.319899 0.704029 0.675621 0.648684 0.5 0.5 0.5
-0.478459 -0.550788 -0.436762 0.0884913 0.0368322 -0.0112694 0.5 0.5 0.5
-0.550788 -0.478459 -0.558719 0.0368322 0.0884913 0.126679 0.5 0.5 0.5
-0.631048 -0.550788 -0.558719 0.0750204 0.0368322 0.126679 0.5 0.5 0.5
0.226688 0.223882 0.166659 0.277453 0.337731 0.304024 0.5 0.5 0.5
0.0804963 0.187687 0.131869 -0.508233 -0.512801 -0.451934 0.5 0.5 0.5
-0.0618034 0.0145626 -0.0577603 -0.790211 -0.72329 -0.693862 0.5 0.5 0.5
-0.00242056 -0.0674333 -0.0224097 0.459728 0.425757 0.384292 0.5 0.5 0.5
0.18541 0.226535 0.247214 0.770634 0.691687 0.760845 0.5 0.5 0.5
-0.668636 -0.687881 -0.706705 -0.270459 -0.172303 -0.226958 0.5 0.5 0.5
0.457517 0.558721 0.435326 0.529653 0.558721 0.59152 0.5 0.5 0.5
0.27934 0.172407 0.232029 0.529073 0.515818 0.472787 0.5 0.5 0.5
0.161169 0.146035 0.196658 0.437427 0.359694 0.390178 0.5 0.5 0.5
0.232029 0.172407 0.161169 0.472787 0.515818 0.437427 0.5 0.5 0.5
0.0582444 0.0562946 0.131869 -0.371651 -0.442072 -0.451934 0.5 0.5 0.5
-0.0674333 -0.0676998 -0.0224097 0.425757 0.343118 0.384292 0.5 0.5 0.5
0.388593 0.337143 0.284995 0.351296 0.401745 0.348389 0.5 0.5 0.5
0.232029 0.265293 0.302104 0.472787 0.407212 0.464709 0.5 0.5 0.5
0.27934 0.232029 0.302104 0.529073 0.472787 0.464709 0.5 0.5 0.5
-0.277336 -0.18386 -0.223124 -0.340041 -0.360845 -0.31686 0.5 0.5 0.5
-0.358721 -0.375374 -0.414475 -0.704029 -0.598883 -0.675621 0.5 0.5 0.5
-0.452042 -0.42227 -0.35747 -0.38453 -0.464392 -0.394755 0.5 0.5 0.5
-0.42227 -0.462934 -0.357279 -0.464392 -0.551426 -0.517152 0.5 0.5 0.5
-0.602967 -0.707107 -0.558721 -0.514475 -0.707107 -0.558721 0.5 0.5 0.5
-0.558721 -0.462934 -0.516458 -0.558721 -0.551426 -0.481132 0.5 0.5 0.5
-0.558721 -0.516458 -0.602967 -0.558721 -0.481132 -0.514475 0.5 0.5 0.5
0.532908 0.450041 0.510301 0.457882 0.446318 0.380796 0.5 0.5 0.5
0.297752 0.269467 0.243173 -0.514939 -0.436768 -0.490485 0.5 0.5 0.5
-0.462934 -0.42227 -0.516458 -0.551426 -0.464392 -0.481132 0.5 0.5 0.5
-0.516458 -0.536615 -0.581193 -0.481132 -0.395109 -0.448454 0.5 0.5 0.5
-0.602967 -0.516458 -0.581193 -0.514475 -0.481132 -0.448454 0.5 0.5 0.5
0.602967 0.809017 0.707107 0.514475 0.587785 0.707107 0.5 0.5 0.5
0.687836 0.649089 0.634542 -0.237582 -0.174957 -0.227257 0.5 0.5 0.5
0.63887 0.704029 0.645204 0.288192 0.358721 0.347704 0.5 0.5 0.5
0.339248 0.400155 0.418481 0.231865 0.186509 0.270594 0.5 0.5 0.5
0.590016 0.498883 0.565482 0.370857 0.30128 0.258431 0.5 0.5 0.5
0.63887 0.590016 0.565482 0.288192 0.370857 0.258431 0.5 0.5 0.5
0.532908 0.510301 0.593179 0.457882 0.380796 0.435183 0.5 0.5 0.5
0.602967 0.558721 0.532908 0.514475 0.558721 0.457882 0.5 0.5 0.5
0.593179 0.602967 0.532908 0.435183 0.514475 0.457882 0.5 0.5 0.5
0.685733 0.613622 0.703578 0.225659 0.195549 0.147261 0.5 0.5 0.5
0.708488 0.790211 0.662022 -0.000408329 0.0618034 0.0784295 0.5 0.5 0.5
0.790211 0.695499 0.780423 -0.0618034 -0.10003 -0.123607 0.5 0.5 0.5
0.708488 0.695499 0.790211 -0.000408329 -0.10003 -0.0618034 0.5 0.5 0.5
0.256024 0.269467 0.312517 -0.359108 -0.436768 -0.349662 0.5 0.5 0.5
0.514475 0.707107 0.558721 -0.602967 -0.707107 -0.558721 0.5 0.5 0.5
0.470228 0.514475 0.439824 -0.647214 -0.602967 -0.581388 0.5 0.5 0.5
-0.18541 -0.123607 -0.14007 -0.770634 -0.780423 -0.699574 0.5 0.5 0.5
-0.293618 -0.280521 -0.319759 -0.64054 -0.550553 -0.590789 0.5 0.5 0.5
-0.0928018 -0.202849 -0.14007 -0.590903 -0.646035 -0.699574 0.5 0.5 0.5
-0.0577603 -0.0928018 -0.14007 -0.693862 -0.590903 -0.699574 0.5 0.5 0.5
-0.375374 -0.358721 -0.293618 -0.598883 -0.704029 -0.64054 0.5 0.5 0.5
-0.0271782 0.0588316 0.00965172 0.217752 0.227537 0.276925 0.5 0.5 0.5
-0.357279 -0.375374 -0.319759 -0.517152 -0.598883 -0.590789 0.5 0.5 0.5
-0.358721 -0.302967 -0.293618 -0.704029 -0.732437 -0.64054 0.5 0.5 0.5
0.732437 0.760845 0.687836 -0.302967 -0.247214 -0.237582 0.5 0.5 0.5
0.387674 0.442053 0.359463 0.0656863 0.121125 0.129656 0.5 0.5 0.5
0.732437 0.951057 0.760845 -0.302967 -0.309017 -0.247214 0.5 0.5 0.5
0.627805 0.584522 0.555026 -0.0435904 0.0343549 -0.0506159 0.5 0.5 0.5
0.247214 0.175542 0.18541 -0.760845 -0.708332 -0.770634 0.5 0.5 0.5
0.123607 0.175542 0.0968514 -0.780423 -0.708332 -0.706394 0.5 0.5 0.5
0.780423 0.695499 0.711447 -0.123607 -0.10003 -0.161745 0.5 0.5 0.5
0.770634 0.780423 0.711447 -0.18541 -0.123607 -0.161745 0.5 0.5 0.5
0.281759 0.185776 0.224889 -0.64246 -0.620072 -0.66933 0.5 0.5 0.5
0.891007 0.704029 0.675621 -0.45399 -0.358721 -0.414475 0.5 0.5 0.5
0.108669 0.0588316 0.0324004 0.126516 0.227537 0.151693 0.5 0.5 0.5
0.187687 0.0804963 0.104595 -0.512801 -0.508233 -0.591019 0.5 0.5 0.5
0.185776 0.187687 0.104595 -0.620072 -0.512801 -0.591019 0.5 0.5 0.5
-1.46958e-016 0.0618034 0.0145626 -0.8 -0.790211 -0.72329 0.5 0.5 0.5
0.224889 0.302967 0.281759 -0.66933 -0.732437 -0.64246 0.5 0.5 0.5
0.185776 0.175542 0.224889 -0.620072 -0.708332 -0.66933 0.5 0.5 0.5
0.542067 0.607638 0.53747 -0.453575 -0.379835 -0.355694 0.5 0.5 0.5
0.0450162 0.0890075 0.104385 -0.11602 -0.18784 -0.092326 0.5 0.5 0.5
0.602967 0.542067 0.503838 -0.514475 -0.453575 -0.513522 0.5 0.5 0.5
0.558721 0.602967 0.503838 -0.558721 -0.514475 -0.513522 0.5 0.5 0.5
0.704029 0.628506 0.607638 -0.358721 -0.281206 -0.379835 0.5 0.5 0.5
0.503838 0.542067 0.412265 -0.513522 -0.453575 -0.434022 0.5 0.5 0.5
0.432869 0.503838 0.412265 -0.509214 -0.513522 -0.434022 0.5 0.5 0.5
0.269467 0.343063 0.312517 -0.436768 -0.398113 -0.349662 0.5 0.5 0.5
0.365949 0.297752 0.30478 -0.527157 -0.514939 -0.580583 0.5 0.5 0.5
0.281759 0.368882 0.30478 -0.64246 -0.596378 -0.580583 0.5 0.5 0.5
0.368882 0.365949 0.30478 -0.596378 -0.527157 -0.580583 0.5 0.5 0.5
0.508233 0.588927 0.530928 0.0804963 0.116784 0.137895 0.5 0.5 0.5
0.628506 0.573231 0.574964 -0.281206 -0.226938 -0.308644 0.5 0.5 0.5
-0.207276 -0.291867 -0.209853 -0.176247 -0.245386 -0.259413 0.5 0.5 0.5
-0.272353 -0.182104 -0.231962 -0.0884927 -0.0764946 -0.0468857 0.5 0.5 0.5
-0.13969 -0.207276 -0.209853 -0.191726 -0.176247 -0.259413 0.5 0.5 0.5
-0.107904 -0.168871 -0.101479 -0.410965 -0.487962 -0.517739 0.5 0.5 0.5
0.675621 0.704029 0.607638 -0.414475 -0.358721 -0.379835 0.5 0.5 0.5
0.414496 0.409474 0.349473 -0.257919 -0.14826 -0.205952 0.5 0.5 0.5
0.0856562 0.00151503 0.0196652 0.623077 0.60653 0.541955 0.5 0.5 0.5
0.192394 0.269467 0.256024 -0.405617 -0.436768 -0.359108 0.5 0.5 0.5
0.0890075 0.168091 0.104385 -0.18784 -0.0975895 -0.092326 0.5 0.5 0.5
0.412265 0.466791 0.360805 -0.434022 -0.378298 -0.318857 0.5 0.5 0.5
0.343063 0.412265 0.360805 -0.398113 -0.434022 -0.318857 0.5 0.5 0.5
4.89859e-017 -0.123607 -0.00396346 0.8 0.780423 0.735472 0.5 0.5 0.5
0.00151503 -0.0438155 0.0196652 0.60653 0.520285 0.541955 0.5 0.5 0.5
0.414496 0.349473 0.340495 -0.257919 -0.205952 -0.263875 0.5 0.5 0.5
0.27934 0.273546 0.213898 0.529073 0.636912 0.599249 0.5 0.5 0.5
0.780423 0.987688 0.770634 0.123607 0.156434 0.18541 0.5 0.5 0.5
0.302104 0.370087 0.332071 0.464709 0.470975 0.511515 0.5 0.5 0.5
0.356997 0.409474 0.474303 -0.0518413 -0.14826 -0.114956 0.5 0.5 0.5
0.0856562 0.166548 0.122651 0.623077 0.65154 0.708509 0.5 0.5 0.5
0.051069 0.0856562 0.122651 0.701545 0.623077 0.708509 0.5 0.5 0.5
0.0618034 0.051069 0.122651 0.790211 0.701545 0.708509 0.5 0.5 0.5
0.123607 0.0618034 0.122651 0.780423 0.790211 0.708509 0.5 0.5 0.5
-0.780423 -0.760845 -0.706705 -0.123607 -0.247214 -0.226958 0.5 0.5 0.5
-0.0674333 -0.144165 -0.0676998 0.425757 0.374462 0.343118 0.5 0.5 0.5
-0.625685 -0.71217 -0.644084 -0.0171435 -0.0494429 -0.099814 0.5 0.5 0.5
-0.675621 -0.647214 -0.581193 -0.414475 -0.470228 -0.448454 0.5 0.5 0.5
-0.704029 -0.675621 -0.613154 -0.358721 -0.414475 -0.343935 0.5 0.5 0.5
-0.684678 -0.614449 -0.703205 0.164052 0.1698 0.223545 0.5 0.5 0.5
-0.614449 -0.655699 -0.703205 0.1698 0.263867 0.223545 0.5 0.5 0.5
-0.760845 -0.780423 -0.703205 0.247214 0.123607 0.223545 0.5 0.5 0.5
0.226688 0.175604 0.231143 0.277453 0.245334 0.208069 0.5 0.5 0.5
-0.516458 -0.42227 -0.452042 -0.481132 -0.464392 -0.38453 0.5 0.5 0.5
-0.536615 -0.516458 -0.452042 -0.395109 -0.481132 -0.38453 0.5 0.5 0.5
-0.0987025 -0.0271782 -0.0443085 0.266514 0.217752 0.269463 0.5 0.5 0.5
-0.180423 -0.100114 -0.10234 0.0919299 0.0702292 0.127095 0.5 0.5 0.5
-0.38203 -0.291867 -0.325408 -0.231887 -0.245386 -0.161554 0.5 0.5 0.5
-0.139079 -0.210173 -0.202021 0.445692 0.438974 0.381289 0.5 0.5 0.5
0.0890075 0.0215216 0.0908473 -0.18784 -0.238229 -0.260691 0.5 0.5 0.5
-0.0676998 -0.0987025 -0.0443085 0.343118 0.266514 0.269463 0.5 0.5 0.5
0.369707 0.27934 0.332071 0.587761 0.529073 0.511515 0.5 0.5 0.5
0.18541 0.309017 0.156434 0.770634 0.951057 0.987688 0.5 0.5 0.5
-0.143092 -0.0559997 -0.121846 0.634441 0.697107 0.712763 0.5 0.5 0.5
0.218855 0.160535 0.247468 -0.0101527 -0.034748 -0.0852195 0.5 0.5 0.5
0.387674 0.303074 0.355341 0.0656863 0.0883241 0.0113586 0.5 0.5 0.5
-0.0559997 0.051069 -0.00396346 0.697107 0.701545 0.735472 0.5 0.5 0.5
-0.452042 -0.44286 -0.49992 -0.38453 -0.299794 -0.345125 0.5 0.5 0.5
-0.291867 -0.277336 -0.223124 -0.245386 -0.340041 -0.31686 0.5 0.5 0.5
-0.18386 -0.134512 -0.223124 -0.360845 -0.294725 -0.31686 0.5 0.5 0.5
-0.209853 -0.291867 -0.223124 -0.259413 -0.245386 -0.31686 0.5 0.5 0.5
-0.444181 -0.428753 -0.386074 0.521701 0.40232 0.468523 0.5 0.5 0.5
-0.278995 -0.305662 -0.335112 0.121485 0.171382 0.0995573 0.5 0.5 0.5
-0.256277 -0.356209 -0.329852 0.540211 0.59166 0.520077 0.5 0.5 0.5
-0.263343 -0.210173 -0.203903 0.475876 0.438974 0.502946 0.5 0.5 0.5
-0.189417 -0.256277 -0.203903 0.574993 0.540211 0.502946 0.5 0.5 0.5
-0.444181 -0.427231 -0.500111 0.521701 0.590678 0.544357 0.5 0.5 0.5
-0.514475 -0.558721 -0.500111 0.602967 0.558721 0.544357 0.5 0.5 0.5
-0.631048 -0.558719 -0.614449 0.0750204 0.126679 0.1698 0.5 0.5 0.5
-0.560845 -0.655699 -0.614449 0.215537 0.263867 0.1698 0.5 0.5 0.5
-0.0457599 -0.0271782 -0.0727419 0.133206 0.217752 0.183451 0.5 0.5 0.5
-0.277806 -0.243303 -0.294455 0.287544 0.340182 0.376505 0.5 0.5 0.5
-0.210173 -0.314329 -0.294455 0.438974 0.43601 0.376505 0.5 0.5 0.5
-0.0676998 -0.144165 -0.121675 0.343118 0.374462 0.320387 0.5 0.5 0.5
-0.428753 -0.462535 -0.356719 0.40232 0.343097 0.368825 0.5 0.5 0.5
-0.0438155 -0.141196 -0.139079 0.520285 0.517072 0.445692 0.5 0.5 0.5
-0.144165 -0.0674333 -0.139079 0.374462 0.425757 0.445692 0.5 0.5 0.5
-0.144165 -0.139079 -0.202021 0.374462 0.445692 0.381289 0.5 0.5 0.5
-0.143092 -0.252322 -0.189417 0.634441 0.650552 0.574993 0.5 0.5 0.5
-0.143092 -0.189417 -0.0944142 0.634441 0.574993 0.576528 0.5 0.5 0.5
-0.0438155 0.00151503 -0.0944142 0.520285 0.60653 0.576528 0.5 0.5 0.5
-0.0559997 -0.143092 -0.0944142 0.697107 0.634441 0.576528 0.5 0.5 0.5
0.00151503 -0.0559997 -0.0944142 0.60653 0.697107 0.576528 0.5 0.5 0.5
-0.302303 -0.277336 -0.355766 -0.389513 -0.340041 -0.311212 0.5 0.5 0.5
-0.291867 -0.38203 -0.355766 -0.245386 -0.231887 -0.311212 0.5 0.5 0.5
-0.560845 -0.448707 -0.518269 0.215537 0.276333 0.308885 0.5 0.5 0.5
-0.579529 -0.560845 -0.518269 0.285998 0.215537 0.308885 0.5 0.5 0.5
-0.502139 -0.562652 -0.518269 0.398596 0.356914 0.308885 0.5 0.5 0.5
-0.462535 -0.502139 -0.518269 0.343097 0.398596 0.308885 0.5 0.5 0.5
-0.684678 -0.631048 -0.614449 0.164052 0.0750204 0.1698 0.5 0.5 0.5
-0.34137 -0.436762 -0.363817 0.0396348 -0.0112694 -0.0695943 0.5 0.5 0.5
0.218855 0.215535 0.150673 -0.0101527 0.0908975 0.0744164 0.5 0.5 0.5
0.122651 0.166548 0.226535 0.708509 0.65154 0.691687 0.5 0.5 0.5
0.226535 0.18541 0.122651 0.691687 0.770634 0.708509 0.5 0.5 0.5
0.302967 0.247214 0.226535 0.732437 0.760845 0.691687 0.5 0.5 0.5
0.273546 0.302967 0.226535 0.636912 0.732437 0.691687 0.5 0.5 0.5
0.024536 0.00965172 0.0860351 0.345016 0.276925 0.346151 0.5 0.5 0.5
0.388593 0.286368 0.339248 0.351296 0.286368 0.231865 0.5 0.5 0.5
0.146035 0.161169 0.088318 0.359694 0.437427 0.420833 0.5 0.5 0.5
-0.107904 -0.18386 -0.202757 -0.410965 -0.360845 -0.427516 0.5 0.5 0.5
0.27934 0.302104 0.332071 0.529073 0.464709 0.511515 0.5 0.5 0.5
0.370087 0.302104 0.337143 0.470975 0.464709 0.401745 0.5 0.5 0.5
-0.23769 -0.168871 -0.202757 -0.496077 -0.487962 -0.427516 0.5 0.5 0.5
-0.168871 -0.107904 -0.202757 -0.487962 -0.410965 -0.427516 0.5 0.5 0.5
0.0637451 -0.00242056 0.088318 0.491394 0.459728 0.420833 0.5 0.5 0.5
0.223882 0.265293 0.196658 0.337731 0.407212 0.390178 0.5 0.5 0.5
0.146035 0.223882 0.196658 0.359694 0.337731 0.390178 0.5 0.5 0.5
0.602967 0.593179 0.647214 0.514475 0.435183 0.470228 0.5 0.5 0.5
0.63887 0.613622 0.685733 0.288192 0.195549 0.225659 0.5 0.5 0.5
0.286368 0.388593 0.284995 0.286368 0.351296 0.348389 0.5 0.5 0.5
-0.293618 -0.202849 -0.199586 -0.64054 -0.646035 -0.564048 0.5 0.5 0.5
-0.280521 -0.293618 -0.199586 -0.550553 -0.64054 -0.564048 0.5 0.5 0.5
-0.280521 -0.199586 -0.23769 -0.550553 -0.564048 -0.496077 0.5 0.5 0.5
0.498883 0.510301 0.445631 0.30128 0.380796 0.38179 0.5 0.5 0.5
-0.18541 -0.188802 -0.121846 0.770634 0.702875 0.712763 0.5 0.5 0.5
0.370087 0.337143 0.445631 0.470975 0.401745 0.38179 0.5 0.5 0.5
0.450041 0.370087 0.445631 0.446318 0.470975 0.38179 0.5 0.5 0.5
0.704029 0.63887 0.685733 0.358721 0.288192 0.225659 0.5 0.5 0.5
0.760845 0.704029 0.685733 0.247214 0.358721 0.225659 0.5 0.5 0.5
0.704029 0.891007 0.675621 0.358721 0.45399 0.414475 0.5 0.5 0.5
0.506734 0.400155 0.442053 0.194677 0.186509 0.121125 0.5 0.5 0.5
0.645204 0.704029 0.675621 0.347704 0.358721 0.414475 0.5 0.5 0.5
0.703578 0.770634 0.685733 0.147261 0.18541 0.225659 0.5 0.5 0.5
0.588927 0.662022 0.703578 0.116784 0.0784295 0.147261 0.5 0.5 0.5
0.613622 0.588927 0.703578 0.195549 0.116784 0.147261 0.5 0.5 0.5
0.675621 0.593179 0.590016 0.414475 0.435183 0.370857 0.5 0.5 0.5
0.675621 0.647214 0.593179 0.414475 0.470228 0.435183 0.5 0.5 0.5
0.590016 0.645204 0.675621 0.370857 0.347704 0.414475 0.5 0.5 0.5
0.628506 0.687836 0.634542 -0.281206 -0.237582 -0.227257 0.5 0.5 0.5
-0.415784 -0.491856 -0.440273 -0.147197 -0.2124 -0.240913 0.5 0.5 0.5
-0.780423 -0.684678 -0.703205 0.123607 0.164052 0.223545 0.5 0.5 0.5
2.04173e-005 0.0804963 0.0165761 -0.562509 -0.508233 -0.500257 0.5 0.5 0.5
-0.0422243 2.04173e-005 0.0165761 -0.473953 -0.562509 -0.500257 0.5 0.5 0.5
0.0165761 0.0804963 0.0562946 -0.500257 -0.508233 -0.442072 0.5 0.5 0.5
-0.123607 -0.0618034 -0.0964126 -0.780423 -0.790211 -0.732784 0.5 0.5 0.5
-0.0577603 -0.14007 -0.0964126 -0.693862 -0.699574 -0.732784 0.5 0.5 0.5
-0.14007 -0.123607 -0.0964126 -0.699574 -0.780423 -0.732784 0.5 0.5 0.5
-0.0613146 -0.0166143 0.0112726 -0.332793 -0.398619 -0.312815 0.5 0.5 0.5
0.0582444 -0.0166143 0.0562946 -0.371651 -0.398619 -0.442072 0.5 0.5 0.5
-0.0422243 0.0165761 0.0562946 -0.473953 -0.500257 -0.442072 0.5 0.5 0.5
-0.0166143 -0.0422243 0.0562946 -0.398619 -0.473953 -0.442072 0.5 0.5 0.5
-0.202849 -0.293618 -0.248464 -0.646035 -0.64054 -0.694385 0.5 0.5 0.5
-0.247214 -0.18541 -0.248464 -0.760845 -0.770634 -0.694385 0.5 0.5 0.5
-0.14007 -0.202849 -0.248464 -0.699574 -0.646035 -0.694385 0.5 0.5 0.5
-0.18541 -0.14007 -0.248464 -0.770634 -0.699574 -0.694385 0.5 0.5 0.5
0.409474 0.356997 0.34306 -0.14826 -0.0518413 -0.121916 0.5 0.5 0.5
0.582648 0.516009 0.573231 -0.118315 -0.174726 -0.226938 0.5 0.5 0.5
0.649089 0.582648 0.573231 -0.174957 -0.118315 -0.226938 0.5 0.5 0.5
0.555026 0.584522 0.476243 -0.0506159 0.0343549 0.0229954 0.5 0.5 0.5
0.482359 0.555026 0.476243 -0.0425204 -0.0506159 0.0229954 0.5 0.5 0.5
0.442053 0.387674 0.476243 0.121125 0.0656863 0.0229954 0.5 0.5 0.5
0.508233 0.442053 0.476243 0.0804963 0.121125 0.0229954 0.5 0.5 0.5
0.628506 0.732437 0.687836 -0.281206 -0.302967 -0.237582 0.5 0.5 0.5
0.770634 0.711447 0.687836 -0.18541 -0.161745 -0.237582 0.5 0.5 0.5
0.760845 0.770634 0.687836 -0.247214 -0.18541 -0.237582 0.5 0.5 0.5
2.04173e-005 -0.0928018 -0.0309188 -0.562509 -0.590903 -0.627284 0.5 0.5 0.5
0.175542 0.185776 0.0968514 -0.708332 -0.620072 -0.706394 0.5 0.5 0.5
0.0618034 0.123607 0.0968514 -0.790211 -0.780423 -0.706394 0.5 0.5 0.5
0.0145626 0.0618034 0.0968514 -0.72329 -0.790211 -0.706394 0.5 0.5 0.5
0.0968514 0.185776 0.104595 -0.706394 -0.620072 -0.591019 0.5 0.5 0.5
0.0418138 0.0968514 0.104595 -0.650119 -0.706394 -0.591019 0.5 0.5 0.5
2.04173e-005 0.0418138 0.104595 -0.562509 -0.650119 -0.591019 0.5 0.5 0.5
0.0804963 2.04173e-005 0.104595 -0.508233 -0.562509 -0.591019 0.5 0.5 0.5
-0.0577603 0.0145626 -0.0309188 -0.693862 -0.72329 -0.627284 0.5 0.5 0.5
0.414475 0.470228 0.439824 -0.675621 -0.647214 -0.581388 0.5 0.5 0.5
0.368882 0.414475 0.439824 -0.596378 -0.675621 -0.581388 0.5 0.5 0.5
0.365949 0.368882 0.439824 -0.527157 -0.596378 -0.581388 0.5 0.5 0.5
0.432869 0.365949 0.439824 -0.509214 -0.527157 -0.581388 0.5 0.5 0.5
0.503838 0.432869 0.439824 -0.513522 -0.509214 -0.581388 0.5 0.5 0.5
0.514475 0.503838 0.439824 -0.602967 -0.513522 -0.581388 0.5 0.5 0.5
0.573231 0.520307 0.574964 -0.226938 -0.283501 -0.308644 0.5 0.5 0.5
0.607638 0.628506 0.574964 -0.379835 -0.281206 -0.308644 0.5 0.5 0.5
-0.123607 -0.0559997 -0.00396346 0.780423 0.697107 0.735472 0.5 0.5 0.5
0.0215216 0.0112726 0.0908473 -0.238229 -0.312815 -0.260691 0.5 0.5 0.5
0.340495 0.349473 0.294523 -0.263875 -0.205952 -0.229623 0.5 0.5 0.5
-0.108354 -0.0823905 -0.0280507 -0.129875 -0.230768 -0.162997 0.5 0.5 0.5
-0.0541769 -0.108354 -0.0280507 -0.0649377 -0.129875 -0.162997 0.5 0.5 0.5
0.192394 0.187687 0.243173 -0.405617 -0.512801 -0.490485 0.5 0.5 0.5
0.269467 0.192394 0.243173 -0.436768 -0.405617 -0.490485 0.5 0.5 0.5
0.341916 0.343063 0.269467 -0.464868 -0.398113 -0.436768 0.5 0.5 0.5
-0.0166143 -0.0613146 -0.107904 -0.398619 -0.332793 -0.410965 0.5 0.5 0.5
-0.0422243 -0.0166143 -0.107904 -0.473953 -0.398619 -0.410965 0.5 0.5 0.5
-0.107904 -0.0613146 -0.134512 -0.410965 -0.332793 -0.294725 0.5 0.5 0.5
-0.18386 -0.107904 -0.134512 -0.360845 -0.410965 -0.294725 0.5 0.5 0.5
0.140928 0.192394 0.197646 -0.326989 -0.405617 -0.346021 0.5 0.5 0.5
0.192394 0.256024 0.197646 -0.405617 -0.359108 -0.346021 0.5 0.5 0.5
-0.183017 -0.242798 -0.231962 -0.0125727 0.01008 -0.0468857 0.5 0.5 0.5
-0.306804 -0.272353 -0.231962 -0.0244463 -0.0884927 -0.0468857 0.5 0.5 0.5
0.409474 0.414496 0.477066 -0.14826 -0.257919 -0.230737 0.5 0.5 0.5
0.0662138 0.0450162 0.104385 -0.041052 -0.11602 -0.092326 0.5 0.5 0.5
0.516009 0.409474 0.477066 -0.174726 -0.14826 -0.230737 0.5 0.5 0.5
0.432869 0.412265 0.341916 -0.509214 -0.434022 -0.464868 0.5 0.5 0.5
0.365949 0.432869 0.341916 -0.527157 -0.509214 -0.464868 0.5 0.5 0.5
0.360805 0.286368 0.312517 -0.318857 -0.286368 -0.349662 0.5 0.5 0.5
0.573231 0.516009 0.477066 -0.226938 -0.174726 -0.230737 0.5 0.5 0.5
0.520307 0.573231 0.477066 -0.283501 -0.226938 -0.230737 0.5 0.5 0.5
-0.535196 -0.536615 -0.49992 -0.294129 -0.395109 -0.345125 0.5 0.5 0.5
-0.536615 -0.452042 -0.49992 -0.395109 -0.38453 -0.345125 0.5 0.5 0.5
0.0618034 4.89859e-017 -0.00396346 0.790211 0.8 0.735472 0.5 0.5 0.5
0.051069 0.0618034 -0.00396346 0.701545 0.790211 0.735472 0.5 0.5 0.5
-0.0559997 -0.123607 -0.121846 0.697107 0.780423 0.712763 0.5 0.5 0.5
-0.498838 -0.444056 -0.482641 -0.127276 -0.081978 -0.0422671 0.5 0.5 0.5
-0.550788 -0.537313 -0.482641 0.0368322 -0.0510231 -0.0422671 0.5 0.5 0.5
-0.243303 -0.202021 -0.294455 0.340182 0.381289 0.376505 0.5 0.5 0.5
-0.141196 -0.189417 -0.203903 0.517072 0.574993 0.502946 0.5 0.5 0.5
-0.444181 -0.386074 -0.329852 0.521701 0.468523 0.520077 0.5 0.5 0.5
-0.356209 -0.444181 -0.329852 0.59166 0.521701 0.520077 0.5 0.5 0.5
-0.314329 -0.263343 -0.329852 0.43601 0.475876 0.520077 0.5 0.5 0.5
-0.386074 -0.314329 -0.329852 0.468523 0.43601 0.520077 0.5 0.5 0.5
-0.256277 -0.263343 -0.203903 0.540211 0.475876 0.502946 0.5 0.5 0.5
-0.687881 -0.780423 -0.706705 -0.172303 -0.123607 -0.226958 0.5 0.5 0.5
-0.498838 -0.415784 -0.444056 -0.127276 -0.147197 -0.081978 0.5 0.5 0.5
-0.363817 -0.436762 -0.444056 -0.0695943 -0.0112694 -0.081978 0.5 0.5 0.5
-0.415784 -0.363817 -0.444056 -0.147197 -0.0695943 -0.081978 0.5 0.5 0.5
-0.491856 -0.498838 -0.576054 -0.2124 -0.127276 -0.137836 0.5 0.5 0.5
-0.687881 -0.592032 -0.576054 -0.172303 -0.214115 -0.137836 0.5 0.5 0.5
-0.42227 -0.357279 -0.333903 -0.464392 -0.517152 -0.455917 0.5 0.5 0.5
-0.35747 -0.42227 -0.333903 -0.394755 -0.464392 -0.455917 0.5 0.5 0.5
-0.302303 -0.35747 -0.333903 -0.389513 -0.394755 -0.455917 0.5 0.5 0.5
-0.271576 -0.302303 -0.333903 -0.435631 -0.389513 -0.455917 0.5 0.5 0.5
-0.333903 -0.23769 -0.271576 -0.455917 -0.496077 -0.435631 0.5 0.5 0.5
-0.280521 -0.23769 -0.333903 -0.550553 -0.496077 -0.455917 0.5 0.5 0.5
-0.178433 -0.21601 -0.129424 0.288762 0.215006 0.177146 0.5 0.5 0.5
-0.0987025 -0.178433 -0.129424 0.266514 0.288762 0.177146 0.5 0.5 0.5
0.260368 0.289157 0.231143 0.125803 0.174788 0.208069 0.5 0.5 0.5
0.416513 0.387674 0.355341 -0.00460882 0.0656863 0.0113586 0.5 0.5 0.5
0.024536 -0.0676998 0.00965172 0.345016 0.343118 0.276925 0.5 0.5 0.5
0.0860351 0.146035 0.088318 0.346151 0.359694 0.420833 0.5 0.5 0.5
-0.335112 -0.34137 -0.281856 0.0995573 0.0396348 0.0589724 0.5 0.5 0.5
-0.278995 -0.335112 -0.281856 0.121485 0.0995573 0.0589724 0.5 0.5 0.5
0.281413 0.34306 0.247468 -0.158031 -0.121916 -0.0852195 0.5 0.5 0.5
0.160535 0.168091 0.247468 -0.034748 -0.0975895 -0.0852195 0.5 0.5 0.5
0.0562946 0.0804963 0.131869 -0.442072 -0.508233 -0.451934 0.5 0.5 0.5
0.187687 0.192394 0.131869 -0.512801 -0.405617 -0.451934 0.5 0.5 0.5
-0.38203 -0.415784 -0.440273 -0.231887 -0.147197 -0.240913 0.5 0.5 0.5
-0.613154 -0.536615 -0.535196 -0.343935 -0.395109 -0.294129 0.5 0.5 0.5
-0.592032 -0.613154 -0.535196 -0.214115 -0.343935 -0.294129 0.5 0.5 0.5
-0.358721 -0.45399 -0.414475 0.704029 0.891007 0.675621 0.5 0.5 0.5
-0.535196 -0.491856 -0.541513 -0.294129 -0.2124 -0.238423 0.5 0.5 0.5
-0.592032 -0.535196 -0.541513 -0.214115 -0.294129 -0.238423 0.5 0.5 0.5
-0.414475 -0.470228 -0.427231 0.675621 0.647214 0.590678 0.5 0.5 0.5
-0.414475 -0.427231 -0.356209 0.675621 0.590678 0.59166 0.5 0.5 0.5
-0.546024 -0.444181 -0.500111 0.457532 0.521701 0.544357 0.5 0.5 0.5
-0.558721 -0.546024 -0.500111 0.558721 0.457532 0.544357 0.5 0.5 0.5
-0.256277 -0.252322 -0.319899 0.540211 0.650552 0.648684 0.5 0.5 0.5
-0.356209 -0.256277 -0.319899 0.59166 0.540211 0.648684 0.5 0.5 0.5
-0.129424 -0.21601 -0.217347 0.177146 0.215006 0.147936 0.5 0.5 0.5
-0.278995 -0.180423 -0.217347 0.121485 0.0919299 0.147936 0.5 0.5 0.5
-0.360845 -0.395034 -0.335112 0.18386 0.105816 0.0995573 0.5 0.5 0.5
-0.305662 -0.360845 -0.335112 0.171382 0.18386 0.0995573 0.5 0.5 0.5
-0.305662 -0.278995 -0.217347 0.171382 0.121485 0.147936 0.5 0.5 0.5
-0.21601 -0.305662 -0.217347 0.215006 0.171382 0.147936 0.5 0.5 0.5
-0.294314 -0.21601 -0.277806 0.226808 0.215006 0.287544 0.5 0.5 0.5
-0.178433 -0.243303 -0.277806 0.288762 0.340182 0.287544 0.5 0.5 0.5
-0.21601 -0.178433 -0.277806 0.215006 0.288762 0.287544 0.5 0.5 0.5
-0.340649 -0.277806 -0.294455 0.291026 0.287544 0.376505 0.5 0.5 0.5
-0.356719 -0.340649 -0.294455 0.368825 0.291026 0.376505 0.5 0.5 0.5
-0.178433 -0.0987025 -0.121675 0.288762 0.266514 0.320387 0.5 0.5 0.5
-0.0987025 -0.0676998 -0.121675 0.266514 0.343118 0.320387 0.5 0.5 0.5
0.108669 0.0324004 0.0535946 0.126516 0.151693 0.0638935 0.5 0.5 0.5
-0.436762 -0.34137 -0.427226 -0.0112694 0.0396348 0.0513104 0.5 0.5 0.5
0.109182 0.146035 0.0860351 0.289163 0.359694 0.346151 0.5 0.5 0.5
0.0588316 0.108669 0.180614 0.227537 0.126516 0.164249 0.5 0.5 0.5
0.175604 0.0588316 0.180614 0.245334 0.227537 0.164249 0.5 0.5 0.5
0.109182 0.175604 0.166659 0.289163 0.245334 0.304024 0.5 0.5 0.5
0.223882 0.146035 0.166659 0.337731 0.359694 0.304024 0.5 0.5 0.5
0.146035 0.109182 0.166659 0.359694 0.289163 0.304024 0.5 0.5 0.5
0.0535946 0.120808 0.150673 0.0638935 0.0145266 0.0744164 0.5 0.5 0.5
0.024536 0.0860351 0.088318 0.345016 0.346151 0.420833 0.5 0.5 0.5
-0.0438155 -0.0674333 -0.00242056 0.520285 0.425757 0.459728 0.5 0.5 0.5
0.339248 0.289157 0.348391 0.231865 0.174788 0.18057 0.5 0.5 0.5
0.388593 0.339248 0.418481 0.351296 0.231865 0.270594 0.5 0.5 0.5
0.445631 0.388593 0.418481 0.38179 0.351296 0.270594 0.5 0.5 0.5
0.498883 0.445631 0.418481 0.30128 0.38179 0.270594 0.5 0.5 0.5
0.506734 0.512114 0.418481 0.194677 0.248664 0.270594 0.5 0.5 0.5
0.400155 0.506734 0.418481 0.186509 0.194677 0.270594 0.5 0.5 0.5
0.232029 0.161169 0.196658 0.472787 0.437427 0.390178 0.5 0.5 0.5
0.265293 0.232029 0.196658 0.407212 0.472787 0.390178 0.5 0.5 0.5
-0.271576 -0.23769 -0.202757 -0.435631 -0.496077 -0.427516 0.5 0.5 0.5
-0.277336 -0.271576 -0.202757 -0.340041 -0.435631 -0.427516 0.5 0.5 0.5
-0.18386 -0.277336 -0.202757 -0.360845 -0.340041 -0.427516 0.5 0.5 0.5
0.506734 0.442053 0.530928 0.194677 0.121125 0.137895 0.5 0.5 0.5
0.613622 0.506734 0.530928 0.195549 0.194677 0.137895 0.5 0.5 0.5
0.588927 0.613622 0.530928 0.116784 0.195549 0.137895 0.5 0.5 0.5
0.260368 0.215535 0.257896 0.125803 0.0908975 0.0417095 0.5 0.5 0.5
0.303074 0.260368 0.257896 0.0883241 0.125803 0.0417095 0.5 0.5 0.5
0.355341 0.303074 0.257896 0.0113586 0.0883241 0.0417095 0.5 0.5 0.5
0.0890075 0.158951 0.189786 -0.18784 -0.234758 -0.167924 0.5 0.5 0.5
0.237473 0.281413 0.189786 -0.223992 -0.158031 -0.167924 0.5 0.5 0.5
0.140928 0.0582444 0.131869 -0.326989 -0.371651 -0.451934 0.5 0.5 0.5
0.192394 0.140928 0.131869 -0.405617 -0.326989 -0.451934 0.5 0.5 0.5
0.286368 0.237473 0.222016 -0.286368 -0.223992 -0.286461 0.5 0.5 0.5
0.197646 0.256024 0.222016 -0.346021 -0.359108 -0.286461 0.5 0.5 0.5
2.04173e-005 -0.0422243 -0.101479 -0.562509 -0.473953 -0.517739 0.5 0.5 0.5
-0.0928018 2.04173e-005 -0.101479 -0.590903 -0.562509 -0.517739 0.5 0.5 0.5
0.582648 0.555026 0.474303 -0.118315 -0.0506159 -0.114956 0.5 0.5 0.5
0.516009 0.582648 0.474303 -0.174726 -0.118315 -0.114956 0.5 0.5 0.5
-0.202849 -0.0928018 -0.1417 -0.646035 -0.590903 -0.559606 0.5 0.5 0.5
-0.0928018 -0.101479 -0.1417 -0.590903 -0.517739 -0.559606 0.5 0.5 0.5
0.187687 0.185776 0.234313 -0.512801 -0.620072 -0.567284 0.5 0.5 0.5
0.243173 0.187687 0.234313 -0.490485 -0.512801 -0.567284 0.5 0.5 0.5
0.281759 0.30478 0.234313 -0.64246 -0.580583 -0.567284 0.5 0.5 0.5
0.185776 0.281759 0.234313 -0.620072 -0.64246 -0.567284 0.5 0.5 0.5
0.297752 0.243173 0.234313 -0.514939 -0.490485 -0.567284 0.5 0.5 0.5
0.30478 0.297752 0.234313 -0.580583 -0.514939 -0.567284 0.5 0.5 0.5
0.53747 0.607638 0.574964 -0.355694 -0.379835 -0.308644 0.5 0.5 0.5
0.237473 0.286368 0.294523 -0.223992 -0.286368 -0.229623 0.5 0.5 0.5
0.0450162 -0.0541769 -0.0280507 -0.11602 -0.0649377 -0.162997 0.5 0.5 0.5
0.237473 0.158951 0.222016 -0.223992 -0.234758 -0.286461 0.5 0.5 0.5
0.0112726 0.0215216 -0.0292299 -0.312815 -0.238229 -0.217723 0.5 0.5 0.5
-0.0280507 -0.0823905 -0.0292299 -0.162997 -0.230768 -0.217723 0.5 0.5 0.5
0.140928 0.158951 0.0908473 -0.326989 -0.234758 -0.260691 0.5 0.5 0.5
0.158951 0.0890075 0.0908473 -0.234758 -0.18784 -0.260691 0.5 0.5 0.5
-0.0541769 0.0450162 0.0662138 -0.0649377 -0.11602 -0.041052 0.5 0.5 0.5
0 -0.0541769 0.0662138 1.11022e-016 -0.0649377 -0.041052 0.5 0.5 0.5
0.0890075 0.0450162 0.0307495 -0.18784 -0.11602 -0.174141 0.5 0.5 0.5
0.0215216 0.0890075 0.0307495 -0.238229 -0.18784 -0.174141 0.5 0.5 0.5
0.0582444 0.140928 0.0908473 -0.371651 -0.326989 -0.260691 0.5 0.5 0.5
0.0112726 0.0582444 0.0908473 -0.312815 -0.371651 -0.260691 0.5 0.5 0.5
-0.180423 -0.119115 -0.100114 0.0919299 -0.0107608 0.0702292 0.5 0.5 0.5
-0.182104 -0.272353 -0.264032 -0.0764946 -0.0884927 -0.150329 0.5 0.5 0.5
-0.0438155 -0.00242056 0.0196652 0.520285 0.459728 0.541955 0.5 0.5 0.5
0.360805 0.414496 0.340495 -0.318857 -0.257919 -0.263875 0.5 0.5 0.5
0.281413 0.237473 0.294523 -0.158031 -0.223992 -0.229623 0.5 0.5 0.5
0.286368 0.340495 0.294523 -0.286368 -0.263875 -0.229623 0.5 0.5 0.5
-0.123607 -0.18541 -0.121846 0.780423 0.770634 0.712763 0.5 0.5 0.5
-0.0457599 -0.100114 -0.0295837 0.133206 0.0702292 0.0642999 0.5 0.5 0.5
-0.123607 -0.156434 -0.18541 0.780423 0.987688 0.770634 0.5 0.5 0.5
0.0637451 0.145339 0.0196652 0.491394 0.582637 0.541955 0.5 0.5 0.5
0.172407 0.27934 0.213898 0.515818 0.529073 0.599249 0.5 0.5 0.5
0.145339 0.172407 0.213898 0.582637 0.515818 0.599249 0.5 0.5 0.5
0.226535 0.166548 0.213898 0.691687 0.65154 0.599249 0.5 0.5 0.5
0.273546 0.226535 0.213898 0.636912 0.691687 0.599249 0.5 0.5 0.5
-0.537313 -0.498838 -0.482641 -0.0510231 -0.127276 -0.0422671 0.5 0.5 0.5
-0.644084 -0.687881 -0.576054 -0.099814 -0.172303 -0.137836 0.5 0.5 0.5
-0.537313 -0.644084 -0.576054 -0.0510231 -0.099814 -0.137836 0.5 0.5 0.5
-0.498838 -0.537313 -0.576054 -0.127276 -0.0510231 -0.137836 0.5 0.5 0.5
-0.277336 -0.291867 -0.355766 -0.340041 -0.245386 -0.311212 0.5 0.5 0.5
-0.452042 -0.35747 -0.355766 -0.38453 -0.394755 -0.311212 0.5 0.5 0.5
-0.44286 -0.452042 -0.355766 -0.299794 -0.38453 -0.311212 0.5 0.5 0.5
0.108669 0.0535946 0.150673 0.126516 0.0638935 0.0744164 0.5 0.5 0.5
0.120808 0.218855 0.150673 0.0145266 -0.0101527 0.0744164 0.5 0.5 0.5
-0.129424 -0.180423 -0.10234 0.177146 0.0919299 0.127095 0.5 0.5 0.5
-0.34137 -0.363817 -0.306804 0.0396348 -0.0695943 -0.0244463 0.5 0.5 0.5
-0.291867 -0.207276 -0.264032 -0.245386 -0.176247 -0.150329 0.5 0.5 0.5
-0.325408 -0.291867 -0.264032 -0.161554 -0.245386 -0.150329 0.5 0.5 0.5
-0.264032 -0.207276 -0.167058 -0.150329 -0.176247 -0.133344 0.5 0.5 0.5
-0.182104 -0.264032 -0.167058 -0.0764946 -0.150329 -0.133344 0.5 0.5 0.5
-0.363817 -0.272353 -0.306804 -0.0695943 -0.0884927 -0.0244463 0.5 0.5 0.5
-0.180423 -0.242798 -0.183017 0.0919299 0.01008 -0.0125727 0.5 0.5 0.5
-0.119115 -0.180423 -0.183017 -0.0107608 0.0919299 -0.0125727 0.5 0.5 0.5
-0.180423 -0.278995 -0.281856 0.0919299 0.121485 0.0589724 0.5 0.5 0.5
-0.242798 -0.180423 -0.281856 0.01008 0.0919299 0.0589724 0.5 0.5 0.5
-0.306804 -0.242798 -0.281856 -0.0244463 0.01008 0.0589724 0.5 0.5 0.5
-0.34137 -0.306804 -0.281856 0.0396348 -0.0244463 0.0589724 0.5 0.5 0.5
0.218855 0.247468 0.289353 -0.0101527 -0.0852195 -0.0262673 0.5 0.5 0.5
0.257896 0.218855 0.289353 0.0417095 -0.0101527 -0.0262673 0.5 0.5 0.5
0.0662138 0.120808 0.0535946 -0.041052 0.0145266 0.0638935 0.5 0.5 0.5
0 0.0662138 0.0535946 1.11022e-016 -0.041052 0.0638935 0.5 0.5 0.5
0.168091 0.0890075 0.189786 -0.0975895 -0.18784 -0.167924 0.5 0.5 0.5
0.158951 0.237473 0.189786 -0.234758 -0.223992 -0.167924 0.5 0.5 0.5
-0.576054 -0.592032 -0.541513 -0.137836 -0.214115 -0.238423 0.5 0.5 0.5
-0.491856 -0.576054 -0.541513 -0.2124 -0.137836 -0.238423 0.5 0.5 0.5
-0.448707 -0.409697 -0.393896 0.276333 0.225421 0.27793 0.5 0.5 0.5
-0.340649 -0.356719 -0.393896 0.291026 0.368825 0.27793 0.5 0.5 0.5
-0.360845 -0.340649 -0.393896 0.18386 0.291026 0.27793 0.5 0.5 0.5
-0.409697 -0.360845 -0.393896 0.225421 0.18386 0.27793 0.5 0.5 0.5
-0.462535 -0.448707 -0.393896 0.343097 0.276333 0.27793 0.5 0.5 0.5
-0.356719 -0.462535 -0.393896 0.368825 0.343097 0.27793 0.5 0.5 0.5
-0.203903 -0.210173 -0.139079 0.502946 0.438974 0.445692 0.5 0.5 0.5
-0.141196 -0.203903 -0.139079 0.517072 0.502946 0.445692 0.5 0.5 0.5
-0.178433 -0.144165 -0.202021 0.288762 0.374462 0.381289 0.5 0.5 0.5
-0.243303 -0.178433 -0.202021 0.340182 0.288762 0.381289 0.5 0.5 0.5
-0.129424 -0.10234 -0.0727419 0.177146 0.127095 0.183451 0.5 0.5 0.5
-0.0987025 -0.129424 -0.0727419 0.266514 0.177146 0.183451 0.5 0.5 0.5
-0.0271782 -0.0987025 -0.0727419 0.217752 0.266514 0.183451 0.5 0.5 0.5
0.180614 0.260368 0.231143 0.164249 0.125803 0.208069 0.5 0.5 0.5
0.286368 0.226688 0.231143 0.286368 0.277453 0.208069 0.5 0.5 0.5
0.289157 0.286368 0.231143 0.174788 0.286368 0.208069 0.5 0.5 0.5
0.175604 0.226688 0.166659 0.245334 0.277453 0.304024 0.5 0.5 0.5
0.161169 0.172407 0.122721 0.437427 0.515818 0.48294 0.5 0.5 0.5
0.088318 0.161169 0.122721 0.420833 0.437427 0.48294 0.5 0.5 0.5
0.145339 0.0637451 0.122721 0.582637 0.491394 0.48294 0.5 0.5 0.5
0.0637451 0.088318 0.122721 0.491394 0.420833 0.48294 0.5 0.5 0.5
0.289157 0.359463 0.348391 0.174788 0.129656 0.18057 0.5 0.5 0.5
0.172407 0.145339 0.122721 0.515818 0.582637 0.48294 0.5 0.5 0.5
0.088318 -0.00242056 -0.0224097 0.420833 0.459728 0.384292 0.5 0.5 0.5
0.024536 0.088318 -0.0224097 0.345016 0.420833 0.384292 0.5 0.5 0.5
0.359463 0.400155 0.348391 0.129656 0.186509 0.18057 0.5 0.5 0.5
-0.199586 -0.202849 -0.1417 -0.564048 -0.646035 -0.559606 0.5 0.5 0.5
-0.168871 -0.199586 -0.1417 -0.487962 -0.564048 -0.559606 0.5 0.5 0.5
-0.101479 -0.168871 -0.1417 -0.517739 -0.487962 -0.559606 0.5 0.5 0.5
0.466791 0.53747 0.489934 -0.378298 -0.355694 -0.328859 0.5 0.5 0.5
0.360805 0.466791 0.489934 -0.318857 -0.378298 -0.328859 0.5 0.5 0.5
0.414496 0.360805 0.489934 -0.257919 -0.318857 -0.328859 0.5 0.5 0.5
0.477066 0.414496 0.489934 -0.230737 -0.257919 -0.328859 0.5 0.5 0.5
0.520307 0.477066 0.489934 -0.283501 -0.230737 -0.328859 0.5 0.5 0.5
0.168091 0.160535 0.104385 -0.0975895 -0.034748 -0.092326 0.5 0.5 0.5
0.256024 0.286368 0.222016 -0.359108 -0.286368 -0.286461 0.5 0.5 0.5
0.0307495 -0.0280507 -0.0292299 -0.174141 -0.162997 -0.217723 0.5 0.5 0.5
0.0215216 0.0307495 -0.0292299 -0.238229 -0.174141 -0.217723 0.5 0.5 0.5
-0.0613146 0.0112726 -0.0292299 -0.332793 -0.312815 -0.217723 0.5 0.5 0.5
-0.0823905 -0.0613146 -0.0292299 -0.230768 -0.332793 -0.217723 0.5 0.5 0.5
0.140928 0.197646 0.222016 -0.326989 -0.346021 -0.286461 0.5 0.5 0.5
0.158951 0.140928 0.222016 -0.234758 -0.326989 -0.286461 0.5 0.5 0.5
-0.182104 -0.183017 -0.231962 -0.0764946 -0.0125727 -0.0468857 0.5 0.5 0.5
0.00965172 -0.0676998 -0.0443085 0.276925 0.343118 0.269463 0.5 0.5 0.5
0.355341 0.257896 0.289353 0.0113586 0.0417095 -0.0262673 0.5 0.5 0.5
0.356997 0.355341 0.289353 -0.0518413 0.0113586 -0.0262673 0.5 0.5 0.5
0.34306 0.356997 0.289353 -0.121916 -0.0518413 -0.0262673 0.5 0.5 0.5
0.247468 0.34306 0.289353 -0.0852195 -0.121916 -0.0262673 0.5 0.5 0.5
0.247468 0.168091 0.189786 -0.0852195 -0.0975895 -0.167924 0.5 0.5 0.5
0.281413 0.247468 0.189786 -0.158031 -0.0852195 -0.167924 0.5 0.5 0.5
0.349473 0.281413 0.294523 -0.205952 -0.158031 -0.229623 0.5 0.5 0.5
0 0.0535946 -0.0295837 1.11022e-016 0.0638935 0.0642999 0.5 0.5 0.5
-0.119115 0 -0.0295837 -0.0107608 1.11022e-016 0.0642999 0.5 0.5 0.5
-0.100114 -0.119115 -0.0295837 0.0702292 -0.0107608 0.0642999 0.5 0.5 0.5
0.0324004 -0.0457599 -0.0295837 0.151693 0.133206 0.0642999 0.5 0.5 0.5
0.0535946 0.0324004 -0.0295837 0.0638935 0.151693 0.0642999 0.5 0.5 0.5
0.180614 0.108669 0.150673 0.164249 0.126516 0.0744164 0.5 0.5 0.5
0.215535 0.180614 0.150673 0.0908975 0.164249 0.0744164 0.5 0.5 0.5
